"G" "X" "Y" "A" "D"
1 0.499941728871145 0.500058271128855 0.58342772428485 0.000116542257709346
2 0.499950290492671 0.500049709507329 0.581071003155092 9.94190146573228e-05
3 0.499950091090705 0.500049908909295 0.58119364408407 9.98203095440641e-05
4 0.499948013849482 0.500051986150518 0.581184777323317 0.000103975440996653
5 0.499945447096759 0.500054552903241 0.581182966983279 0.000109109354686919
6 0.499942671337143 0.500057328662856 0.58118088898173 0.000114661264129643
7 0.499939738594648 0.500060261405352 0.581178954659212 0.000120527167286418
8 0.499936653730339 0.500063346269661 0.581177140373552 0.000126697355030858
9 0.499933411623408 0.500066588376592 0.581175442350374 0.000133182075429706
10 0.499930004795227 0.500069995204773 0.581173855307754 0.00013999629115571
11 0.499926424959843 0.500073575040157 0.581172374233438 0.000147156579738115
12 0.499922663326322 0.500077336673678 0.581170994405218 0.000154680529170887
13 0.49991871064392 0.50008128935608 0.581169711401322 0.000162586647691011
14 0.4999145571936 0.5000854428064 0.581168521090514 0.000170894380821227
15 0.499910192767674 0.500089807232326 0.581167419619727 0.000179624152160496
16 0.499905606646117 0.500094393353883 0.581166403401766 0.000188797410840378
17 0.499900787571263 0.500099212428736 0.581165469103643 0.000198436682217453
18 0.499895723721205 0.500104276278795 0.581164613635637 0.000208565621179927
19 0.499890402681904 0.500109597318096 0.58116383414105 0.000219209068026565
20 0.499884811417986 0.500115188582015 0.581163127986636 0.000230393106998241
21 0.499878936242162 0.500121063757838 0.581162492753677 0.000242145127570454
22 0.499872762783216 0.500127237216784 0.581161926229666 0.000254493888623868
23 0.499866275952497 0.500133724047503 0.581161426400566 0.000267469585614677
24 0.499859459908862 0.500140540091138 0.581160991443625 0.000281103920870424
25 0.499852298021999 0.500147701978001 0.58116061972071 0.000295430177140537
26 0.499844772834062 0.500155227165939 0.581160309772145 0.000310483294534344
27 0.49983686601956 0.50016313398044 0.58116006031101 0.000326299950982665
28 0.499828558343429 0.500171441656571 0.581159870217897 0.000342918646362285
29 0.499819829617206 0.500180170382794 0.581159738536086 0.000360379790425573
30 0.499810658653252 0.500189341346748 0.581159664467123 0.000378725794680293
31 0.499801023216935 0.500198976783065 0.581159647366774 0.000398001168367031
32 0.499790899976711 0.500209100023288 0.581159686741338 0.000418252618683785
33 0.499780264452028 0.500219735547972 0.581159782244299 0.000439529155408914
34 0.499769090958967 0.500230909041033 0.581159933673281 0.000461882200074797
35 0.499757352553567 0.500242647446433 0.581160140967308 0.000485365699845195
36 0.499745020972739 0.500254979027261 0.581160404204322 0.000510036246249224
37 0.499732066572705 0.500267933427295 0.581160723598962 0.000535953198924096
38 0.499718458264894 0.500281541735106 0.581161099500556 0.000563178814517119
39 0.499704163449214 0.500295836550786 0.581161532391323 0.000591778380894851
40 0.499689147944637 0.500310852055363 0.581162022884756 0.000621820356803637
41 0.499673375917034 0.500326624082966 0.581162571724151 0.000653376517120799
42 0.499656809804189 0.500343190195811 0.581163179781267 0.000686522103829493
43 0.499639410237942 0.500360589762058 0.581163848055086 0.00072133598284241
44 0.499621135963404 0.500378864036597 0.581164577670642 0.000757900806789922
45 0.499601943755196 0.500398056244804 0.581165369877883 0.000796303183876858
46 0.499581788330679 0.500418211669321 0.581166226050544 0.000836633852898473
47 0.499560622260137 0.500439377739863 0.581167147684985 0.000878987864490264
48 0.49953839587389 0.50046160412611 0.581168136398949 0.000923464768667769
49 0.499515057166342 0.500484942833658 0.581169193930218 0.000970168808691082
50 0.499490551696943 0.500509448303057 0.581170322135098 0.00101920912126434
51 0.499464822488111 0.500535177511889 0.581171522986695 0.00107069994305243
52 0.499437809920118 0.500562190079882 0.581172798572923 0.00112476082346553
53 0.499409451623023 0.500590548376977 0.581174151094192 0.0011815168436261
54 0.499379682365701 0.500620317634298 0.581175582860696 0.00124109884139294
55 0.499348433942082 0.500651566057918 0.581177096289247 0.00130364364227146
56 0.499315635054712 0.500684364945288 0.581178693899565 0.0013692942959892
57 0.499281211195807 0.500718788804193 0.581180378309955 0.00143820031845934
58 0.499245084525955 0.500754915474045 0.581182152232257 0.00151051793879313
59 0.499207173750723 0.500792826249277 0.581184018465997 0.00158641035095296
60 0.499167393995394 0.500832606004606 0.58118597989161 0.00166604796956269
61 0.499125656678165 0.500874343321835 0.581188039462633 0.00174960868930808
62 0.499081869382136 0.500918130617864 0.581190200196728 0.00183727814726971
63 0.499035935726498 0.500964064273502 0.581192465165413 0.00192924998743046
64 0.49898775523738 0.50101224476262 0.581194837482342 0.00202572612649223
65 0.498937223218865 0.501062776781135 0.581197320289973 0.00212691702001807
66 0.498884230624759 0.501115769375241 0.581199916744467 0.00223304192778915
67 0.498828663931767 0.501171336068233 0.581202629998613 0.0023443291771285
68 0.498770405014799 0.501229594985201 0.5812054631826 0.0024610164227957
69 0.498709331025222 0.501290668974778 0.581208419382406 0.00258335090189846
70 0.498645314272942 0.501354685727058 0.581211501615593 0.00271158968209815
71 0.498578222113306 0.501421777886694 0.581214712804255 0.00284599990120649
72 0.498507916839913 0.501492083160087 0.581218055744873 0.00298685899608007
73 0.498434255584504 0.501565744415495 0.581221533074796 0.00313445491851873
74 0.498357090225232 0.501642909774768 0.581225147235072 0.00328908633566268
75 0.498276267304702 0.501723732695298 0.581228900429318 0.00345106281216311
76 0.498191627959319 0.501808372040681 0.581232794578325 0.00362070497117209
77 0.498103007861546 0.501896992138454 0.581236831270068 0.00379834463096154
78 0.498010237176855 0.501989762823145 0.581241011704775 0.00398432491373887
79 0.497913140537237 0.502086859462763 0.581245336634711 0.00417900032298064
80 0.497811537033268 0.502188462966732 0.581249806298323 0.00438273678535785
81 0.497705240226859 0.502294759773141 0.581254420348376 0.00459591165307879
82 0.49759405818693 0.50240594181307 0.581259177773708 0.0048189136622322
83 0.497477793550363 0.502522206449637 0.581264076814253 0.00505214284247744
84 0.497356243610688 0.502643756389312 0.581269114868964 0.00529601037320401
85 0.497229200437086 0.502770799562914 0.581274288396277 0.00555093838107468
86 0.497096451026325 0.502903548973675 0.581279592806791 0.00581735967368026
87 0.496957777490374 0.503042222509626 0.581285022347854 0.00609571740387506
88 0.496812957282456 0.503187042717545 0.581290569979761 0.00638646465923755
89 0.496661763464331 0.503338236535669 0.581296227243332 0.00669006397101732
90 0.496503965017637 0.503496034982363 0.581301984118663 0.00700698673689495
91 0.49633932720204 0.503660672797959 0.581307828874927 0.00733771255190419
92 0.496167611962936 0.503832388037065 0.581313747911142 0.00768272844195495
93 0.495988578391291 0.504011421608709 0.581319725587927 0.008042527994559
94 0.495801983238125 0.504198016761875 0.581325744050359 0.008417610381609
95 0.495607581485876 0.504392418514124 0.581331783042143 0.00880847926940317
96 0.4954051269787 0.5045948730213 0.581337819711435 0.00921564161155362
97 0.495194373113411 0.504805626886589 0.58134382840881 0.00963960632097322
98 0.494975073592419 0.505024926407581 0.581349780477994 0.0100808828178141
99 0.494746983239577 0.505253016760423 0.581355644040184 0.0105399794510366
100 0.494509858879353 0.505490141120647 0.581361383772915 0.011017401792228
101 0.494263460279167 0.505736539720834 0.581366960684703 0.0115136508013687
102 0.494007551154079 0.505992448845921 0.581372331886822 0.0120292208654641
103 0.49374190023232 0.50625809976768 0.58137745036387 0.0125645977123233
104 0.493466282379337 0.506533717620663 0.581382264744972 0.013120256203266
105 0.49318047977721 0.50681952022279 0.581386719077707 0.0136966580101728
106 0.492884283155369 0.507115716844631 0.581390752607124 0.0142942491840521
107 0.492577493067571 0.507422506932429 0.581394299562417 0.0149134576241633
108 0.492259921209112 0.507740078790889 0.581397288954081 0.0155546904586953
109 0.491931391767204 0.508068608232796 0.581399644384618 0.0162183313500244
110 0.491591742796405 0.508408257203595 0.581401283876044 0.0169047377396491
111 0.491240827609937 0.508759172390063 0.581402119717645 0.0176142380499726
112 0.490878516176727 0.509121483823273 0.581402058337615 0.0183471288621617
113 0.490504696512994 0.509495303487006 0.581401000202296 0.0191036720912895
114 0.490119276056345 0.509880723943655 0.58139883974683 0.0198840921818477
115 0.489722183009459 0.510277816990541 0.581395465341085 0.0206885733484239
116 0.489313367639805 0.510686632360195 0.581390759294641 0.0215172568878488
117 0.488892803521234 0.511107196478766 0.581384597904566 0.0223702385903636
118 0.488460488702913 0.511539511297087 0.581376851549514 0.0232475662783026
119 0.488016446790869 0.511983553209131 0.581367384833467 0.0241492375013682
120 0.487560727927432 0.512439272072569 0.581356056782064 0.0250751974177662
121 0.487093409654091 0.512906590345909 0.581342721094127 0.0260253368902199
122 0.486614597643806 0.513385402356195 0.581327226450439 0.0269994908251609
123 0.486124426289512 0.513875573710489 0.581309416881313 0.0279974367821885
124 0.485623059136632 0.514376940863368 0.581289132193817 0.0290188938791713
125 0.48511068914861 0.51488931085139 0.581266208458813 0.030063522016148
126 0.484587538796041 0.515412461203959 0.581240478557226 0.0311309214384637
127 0.4840538599617 0.5159461400383 0.581211772784085 0.0322206326563975
128 0.483509933655747 0.516490066344253 0.58117991950807 0.0333321367349091
129 0.482956069537525 0.517043930462475 0.581144745883404 0.0344648559631353
130 0.482392605242642 0.517607394757358 0.581106078610038 0.0356181549089373
131 0.481819905516467 0.518180094483533 0.58106374473724 0.0367913418592328
132 0.481238361157575 0.518761638842425 0.581017572504851 0.0379836706421124
133 0.480648387777191 0.519351612222809 0.580967392215697 0.0391943428219364
134 0.480050424383083 0.519949575616917 0.580913037131971 0.0404225102538268
135 0.479444931798705 0.520555068201295 0.580854344387756 0.0416672779793156
136 0.478832390930594 0.521167609069406 0.580791155909373 0.0429277074404713
137 0.478213300899017 0.521786699100983 0.580723319334879 0.0442028199857045
138 0.477588177048662 0.522411822951338 0.580650688923757 0.0454916006367322
139 0.476957548857663 0.523042451142337 0.580573126447779 0.0467930020829373
140 0.47632195776446 0.52367804223554 0.580490502054029 0.0481059488666612
141 0.475681954932875 0.524318045067125 0.580402695091303 0.0494293417208649
142 0.47503809897634 0.524961901023659 0.58030959489142 0.0507620620191241
143 0.474390953662398 0.525609046337602 0.580211101497458 0.0521029762971092
144 0.473741085618468 0.526258914381532 0.580107126331562 0.0534509408045405
145 0.473089062059389 0.52691093794061 0.579997592795683 0.0548048060470957
146 0.472435448556473 0.527564551443527 0.57988243679943 0.0561634212788529
147 0.47178080686671 0.52821919313329 0.579761607210155 0.0575256389075283
148 0.471125692839478 0.528874307160522 0.57963506622137 0.0588903187769751
149 0.470470654416532 0.529529345583468 0.579502789636591 0.0602563322940643
150 0.469816229739337 0.530183770260663 0.579364767066795 0.0616225663701205
151 0.469162945375974 0.530837054624026 0.579221002040697 0.062987927150437
152 0.468511314677871 0.531488685322128 0.579071512028095 0.064351343508981
153 0.467861836274644 0.532138163725356 0.578916328377546 0.0657117702891339
154 0.467214992713293 0.532785007286707 0.578755496170545 0.0670681912751161
155 0.466571249246077 0.533428750753923 0.578589073995294 0.0684196218825456
156 0.465931052769418 0.534068947230582 0.578417133643918 0.0697651115603096
157 0.465294830914419 0.534705169085581 0.57823975973769 0.0711037458995217
158 0.464662991287854 0.535337008712146 0.578057049285453 0.0724346484487415
159 0.464035920860947 0.535964079139053 0.577869111180902 0.0737569822378096
160 0.463413985501854 0.536586014498146 0.57767606564481 0.0750699510155502
161 0.462797529646523 0.537202470353477 0.57747804361856 0.076372800209205
162 0.462186876101568 0.537813123898432 0.577275186115549 0.0776648176157526
163 0.461582325971879 0.538417674028122 0.577067643537103 0.0789453338372379
164 0.460984158705019 0.539015841294981 0.57685557495956 0.0802137224738792
165 0.460392632243887 0.539607367756113 0.57663914739908 0.0814694000900425
166 0.45980798327876 0.540192016721239 0.576418535060581 0.0827118259691826
167 0.4592304275896 0.5407695724104 0.576193918576978 0.0839405016745675
168 0.4586601604694 0.5413398395306 0.575965484244586 0.085154970433041
169 0.458097357219403 0.541902642780597 0.575733423260247 0.0863548163592655
170 0.457542173707141 0.542457826292859 0.575497930965327 0.0875396635378441
171 0.456994746978497 0.543005253021503 0.575259206101347 0.0887091749804759
172 0.456455195915294 0.543544804084706 0.575017450081549 0.0898630514748782
173 0.455923621930314 0.544076378069686 0.574772866282304 0.0910010303416341
174 0.455400109692086 0.544599890307914 0.574525659357758 0.0921228841144313
175 0.454884727872237 0.545115272127763 0.574276034580719 0.0932284191583603
176 0.454377529908743 0.545622470091257 0.574024197212303 0.0943174742400651
177 0.45387855477891 0.54612144522109 0.573770351902457 0.0953899190626145
178 0.453387827776462 0.546612172223538 0.573514702123048 0.096445652776993
179 0.452905361287657 0.547094638712343 0.573257449634821 0.0974846024811296
180 0.452431155561841 0.547568844438159 0.572998793989149 0.0985067217163921
181 0.451965199472419 0.548034800527581 0.572738932065179 0.0995119889705001
182 0.451507471264666 0.548492528735334 0.572478057642622 0.100500406194848
183 0.451057939287299 0.548942060712701 0.572216361010179 0.101471997343311
184 0.450616562705188 0.549383437294812 0.571954028609324 0.102426806938701
185 0.450183292190979 0.549816707809022 0.571691242712913 0.103364898672225
186 0.44975807059381 0.55024192940619 0.571428181137912 0.104286354040456
187 0.449340833583678 0.550659166416322 0.571165016991337 0.105191271023638
188 0.448931510270306 0.551068489729693 0.570901918448347 0.106079762808394
189 0.448530023795705 0.551469976204295 0.570639048561318 0.106951956557316
190 0.448136291899871 0.551863708100129 0.570376565098595 0.107807992227309
191 0.447750227459321 0.552249772540679 0.570114620411568 0.108648021438028
192 0.44737173899837 0.552628261001631 0.569853361328618 0.109472206391288
193 0.44700073117325 0.55299926882675 0.569592929074455 0.110280718841864
194 0.446637105229364 0.553362894770636 0.569333459213352 0.11107373911977
195 0.446280759432054 0.553719240567947 0.569075081614725 0.111851455203707
196 0.445931589471451 0.554068410528549 0.568817920439555 0.112614061845143
197 0.445589488842038 0.554410511157962 0.568562094146124 0.11336175974218
198 0.445254349197641 0.554745650802359 0.568307715513581 0.114094754762193
199 0.444926060682662 0.555073939317338 0.568054891681867 0.114813257212013
200 0.44460451224039 0.55539548775961 0.567803724206582 0.115517481154299
201 0.444289591899289 0.555710408100711 0.567554309127415 0.116207643768607
202 0.443981187038171 0.556018812961829 0.567306737048793 0.116883964755584
203 0.443679184631213 0.556320815368787 0.567061093231493 0.117546665782635
204 0.443383471473744 0.556616528526256 0.566817457693976 0.118195969969355
205 0.443093934389766 0.556906065610234 0.566575905322307 0.118832101410999
206 0.442810460422151 0.557189539577849 0.566336505987529 0.119455284738235
207 0.442532937006441 0.557467062993559 0.566099324669489 0.120065744711433
208 0.442261252129177 0.557738747870823 0.565864421586113 0.120663705847733
209 0.441995294471648 0.558004705528352 0.565631852327227 0.121249392079186
210 0.441734953539931 0.558265046460069 0.56540166799207 0.121823026440264
211 0.441480119782071 0.558519880217929 0.565173915329708 0.122384830783084
212 0.441230684693218 0.558769315306782 0.56494863688161 0.122935025518728
213 0.440986540909504 0.559013459090496 0.564725871125708 0.123473829383106
214 0.440747582291418 0.559252417708582 0.564505652621331 0.124001459225828
215 0.440513703997396 0.559486296002604 0.564288012154416 0.124518129820648
216 0.440284802548317 0.559715197451683 0.564072976882516 0.125024053696053
217 0.440060775883568 0.559939224116432 0.563860570479091 0.125519440984676
218 0.439841523409285 0.560158476590715 0.563650813276697 0.126004499290239
219 0.439626946039376 0.560373053960624 0.563443722408659 0.126479433570791
220 0.439416946229872 0.560583053770128 0.563239311948918 0.126944446037103
221 0.43921142800714 0.56078857199286 0.563037593049717 0.127399736065082
222 0.439010296990453 0.560989703009547 0.562838574076898 0.127845500121187
223 0.438813460409382 0.561186539590618 0.562642260742544 0.128281931699831
224 0.438620827116445 0.561379172883555 0.562448656234796 0.128709221271854
225 0.438432307595433 0.561567692404567 0.562257761344648 0.12912755624317
226 0.438247813965786 0.561752186034214 0.562069574589603 0.129537120922772
227 0.438067259983386 0.561932740016614 0.561884092334052 0.129938096499312
228 0.437890561038101 0.562109438961899 0.561701308906291 0.13033066102552
229 0.437717634148382 0.562282365851619 0.5615212167121 0.130714989409791
230 0.437548397953219 0.562451602046781 0.561343806344834 0.13109125341429
231 0.437382772701716 0.562617227298284 0.561169066691982 0.131459621658989
232 0.43722068024053 0.56277931975947 0.560996985038182 0.131820259631063
233 0.437062043999419 0.562937956000581 0.560827547164681 0.132173329699153
234 0.4369067889751 0.5630932110249 0.56066073744525 0.132518991131987
235 0.436754841713627 0.563245158286373 0.560496538938572 0.132857400120929
236 0.436606130291455 0.563393869708545 0.560334933477138 0.133188709806038
237 0.436460584295373 0.563539415704627 0.560175901752674 0.133513070305252
238 0.436318134801458 0.563681865198541 0.560019423398173 0.13383062874634
239 0.43617871435318 0.56382128564682 0.559865477066559 0.134141529301295
240 0.436042256938799 0.563957743061201 0.559714040506065 0.134445913222867
241 0.435908697968176 0.564091302031824 0.559565090632371 0.13474391888296
242 0.43577797424909 0.56422202575091 0.559418603597597 0.135035681812625
243 0.435650023963178 0.564349976036822 0.559274554856202 0.135321334743433
244 0.435524786641579 0.564475213358421 0.559132919227882 0.135601007649985
245 0.43540220314036 0.56459779685964 0.558993670957539 0.135874827793396
246 0.435282215615812 0.564717784384188 0.558856783772408 0.136142919765536
247 0.435164767499667 0.564835232500333 0.558722230936424 0.136405405533895
248 0.435049803474308 0.564950196525693 0.558589985301912 0.136662404486894
249 0.43493726944802 0.56506273055198 0.558460019358685 0.13691403347953
250 0.434827112530337 0.565172887469663 0.558332305280646 0.137160406879218
251 0.434719281007518 0.565280718992482 0.558206814969955 0.13740163661171
252 0.434613724318206 0.565386275681794 0.558083520098876 0.137637832207013
253 0.43451039302929 0.56548960697071 0.557962392149366 0.137869100845197
254 0.434409238812008 0.565590761187992 0.557843402450496 0.13809554740201
255 0.434310214418322 0.565689785581678 0.557726522213792 0.13831727449424
256 0.434213273657574 0.565786726342426 0.557611722566569 0.138534382524745
257 0.434118371373459 0.565881628626541 0.557498974583339 0.138746969727103
258 0.434025463421326 0.565974536578675 0.557388249315372 0.138955132209826
259 0.433934506645815 0.566065493354185 0.557279517818492 0.139158964000087
260 0.433845458858863 0.566154541141137 0.55717275117917 0.139358557086933
261 0.433758278818056 0.566241721181944 0.557067920538997 0.139554001463939
262 0.433672926205377 0.566327073794624 0.5569649971176 0.13974538517128
263 0.433589361606317 0.566410638393683 0.556863952234079 0.139932794337184
264 0.433507546489386 0.566492453510614 0.556764757327023 0.140116313218766
265 0.433427443186003 0.566572556813997 0.556667383973168 0.140296024242198
266 0.433349014870785 0.566650985129215 0.556571803904777 0.140472008042224
267 0.433272225542228 0.566727774457772 0.556477989025773 0.140644343500994
268 0.433197040003779 0.566802959996221 0.556385911426715 0.140813107786212
269 0.433123423845304 0.566876576154696 0.556295543398649 0.140978376388596
270 0.433051343424946 0.566948656575054 0.556206857445903 0.141140223158633
271 0.432980765851371 0.567019234148629 0.55611982629787 0.141298720342646
272 0.432911658966399 0.567088341033601 0.556034422919838 0.14145393861815
273 0.432843991328021 0.567156008671979 0.555950620522901 0.141605947128522
274 0.432777732193789 0.567222267806211 0.555868392573026 0.14175481351696
275 0.432712851504584 0.567287148495416 0.555787712799275 0.141900603959766
276 0.432649319868745 0.567350680131255 0.555708555201279 0.142043383198926
277 0.432587108546573 0.567412891453427 0.555630894055961 0.142183214574019
278 0.43252618943518 0.56747381056482 0.55555470392357 0.142320160053445
279 0.432466535053697 0.567533464946302 0.555479959653066 0.142454280264993
280 0.432408118528828 0.567591881471172 0.55540663638687 0.142585634525738
281 0.432350913580736 0.567649086419263 0.555334709565043 0.142714280871299
282 0.432294894509274 0.567705105490726 0.555264154928909 0.14284027608445
283 0.432240036180532 0.567759963819468 0.55519494852415 0.142963675723098
284 0.432186314013708 0.567813685986292 0.555127066703427 0.143084534147649
285 0.432133703968295 0.567866296031705 0.55506048612852 0.143202904547749
286 0.432082182531577 0.567917817468424 0.554995183772054 0.143318838968437
287 0.432031726706412 0.567968273293589 0.554931136918802 0.143432388335702
288 0.431982313999329 0.56801768600067 0.554868323166615 0.143543602481461
289 0.4319339224089 0.5680660775911 0.554806720426993 0.143652530167977
290 0.431886530414391 0.568113469585609 0.554746306925312 0.143759219111708
291 0.4318401169647 0.5681598830353 0.554687061200748 0.143863716006622
292 0.431794661467549 0.568205338532451 0.554628962105901 0.143966066546974
293 0.431750143778949 0.56824985622105 0.554571988806145 0.144066315449555
294 0.431706544192918 0.568293455807082 0.554516120778722 0.144164506475438
295 0.43166384343144 0.56833615656856 0.554461337811605 0.144260682451218
296 0.431622022634684 0.568377977365316 0.554407620002127 0.144354885289759
297 0.431581063351446 0.568418936648554 0.554354947755415 0.144447156010469
298 0.43154094752983 0.568459052470169 0.554303301782632 0.144537534759101
299 0.431501657508157 0.568498342491844 0.554252663099036 0.144626060827097
300 0.431463176006084 0.568536823993916 0.554203013021886 0.144712772670487
301 0.431425486115955 0.568574513884045 0.554154333168191 0.144797707928346
302 0.431388571294346 0.568611428705654 0.554106605452321 0.144880903440827
303 0.431352415353824 0.568647584646176 0.554059812083499 0.144962395266778
304 0.4313170024549 0.5686829975451 0.554013935563167 0.145042218700947
305 0.431282317098179 0.568717682901821 0.553968958682257 0.14512040829079
306 0.431248344116699 0.568751655883301 0.553924864518358 0.145196997852896
307 0.431215068668456 0.568784931331544 0.553881636432798 0.145272020489023
308 0.431182476229104 0.568817523770896 0.553839258067653 0.145345508601774
309 0.431150552584834 0.568849447415166 0.553797713342681 0.1454174939099
310 0.431119283825424 0.568880716174576 0.553756986452195 0.145488007463261
311 0.431088656337455 0.568911343662545 0.553717061861879 0.145557079657437
312 0.431058656797687 0.568941343202313 0.553677924305561 0.145624740248003
313 0.431029272166594 0.568970727833406 0.55363955878194 0.145691018364475
314 0.431000489682057 0.568999510317944 0.553601950551274 0.145755942523939
315 0.430972296853197 0.569027703146802 0.553565085132045 0.145819540644367
316 0.43094468145437 0.56905531854563 0.553528948297595 0.145881840057626
317 0.430917631519284 0.569082368480716 0.553493526072737 0.145942867522187
318 0.430891135335275 0.569108864664725 0.553458804730363 0.146002649235555
319 0.430865181437705 0.569134818562295 0.553424770788025 0.146061210846402
320 0.430839758604493 0.569160241395506 0.553391411004522 0.146118577466431
321 0.430814855850786 0.569185144149214 0.55335871237648 0.14617477368197
322 0.430790462423735 0.569209537576265 0.553326662134923 0.146229823565299
323 0.430766567797415 0.569233432202585 0.553295247741862 0.146283750685728
324 0.430743161667844 0.569256838332156 0.553264456886885 0.146336578120413
325 0.430720233948136 0.569279766051864 0.553234277483748 0.146388328464939
326 0.430697774763749 0.569302225236252 0.553204697666991 0.146439023843655
327 0.430675774447859 0.569324225552141 0.553175705788563 0.146488685919783
328 0.430654223536833 0.569345776463167 0.55314729041446 0.146537335905293
329 0.430633112765805 0.569366887234195 0.55311944032139 0.146584994570566
330 0.43061243306436 0.56938756693564 0.553092144493454 0.146631682253827
331 0.430592175552312 0.569407824447688 0.553065392118845 0.14667741887038
332 0.430572331535585 0.569427668464415 0.553039172586587 0.146722223921627
333 0.430552892502181 0.569447107497819 0.553013475483282 0.146766116503892
334 0.430533850118247 0.569466149881753 0.552988290589895 0.146809115317043
335 0.430515196224225 0.569484803775774 0.552963607878566 0.146851238672928
336 0.4304969228311 0.569503077168899 0.552939417509447 0.146892504503618
337 0.430479022116722 0.569520977883278 0.552915709827581 0.146932930369471
338 0.430461486422215 0.569538513577785 0.552892475359795 0.146972533467017
339 0.430444308248475 0.569555691751525 0.552869704811646 0.147011330636666
340 0.430427480252735 0.569572519747265 0.552847389064386 0.147049338370251
341 0.430410995245219 0.569589004754781 0.552825519171964 0.147086572818396
342 0.430394846185861 0.569605153814139 0.552804086358068 0.147123049797735
343 0.430379026181105 0.569620973818895 0.552783082013196 0.147158784797958
344 0.430363528480775 0.569636471519225 0.552762497691768 0.147193792988711
345 0.430348346475014 0.569651653524986 0.552742325109267 0.147228089226347
346 0.430333473691292 0.569666526308708 0.552722556139427 0.147261688060518
347 0.430318903791482 0.569681096208518 0.552703182811445 0.147294603740636
348 0.430304630568997 0.569695369431003 0.552684197307241 0.147326850222186
349 0.430290647945999 0.569709352054001 0.55266559195875 0.147358441172901
350 0.430276949970659 0.569723050029341 0.552647359245249 0.147389389978806
351 0.430263530814489 0.569736469185512 0.552629491790729 0.147419709750128
352 0.430250384769721 0.569749615230279 0.552611982361292 0.147449413327079
353 0.430237506246759 0.569762493753241 0.552594823862601 0.147478513285514
354 0.43022488977167 0.56977511022833 0.552578009337353 0.147507021942466
355 0.430212529983745 0.569787470016255 0.552561531962799 0.147534951361561
356 0.430200421633105 0.569799578366895 0.552545385048293 0.147562313358316
357 0.430188559578363 0.569811440421637 0.552529562032887 0.147589119505324
358 0.430176938784335 0.569823061215665 0.552514056482955 0.147615381137326
359 0.430165554319805 0.569834445680195 0.552498862089855 0.147641109356176
360 0.430154401355333 0.569845598644666 0.552483972667636 0.147666315035696
361 0.430143475161119 0.569856524838881 0.552469382150765 0.147691008826429
362 0.430132771104903 0.569867228895097 0.552455084591907 0.14771520116029
363 0.43012228464992 0.56987771535008 0.552441074159727 0.147738902255119
364 0.430112011352897 0.569887988647103 0.552427345136738 0.147762122119132
365 0.43010194686209 0.569898053137911 0.552413891917175 0.14778487055528
366 0.430092086915363 0.569907913084637 0.552400709004911 0.147807157165517
367 0.430082427338321 0.569917572661679 0.552387791011403 0.147828991354974
368 0.430072964042464 0.569927035957536 0.552375132653673 0.147850382336043
369 0.430063693023395 0.569936306976605 0.552362728752325 0.147871339132378
370 0.430054610359063 0.569945389640937 0.552350574229593 0.147891870582807
371 0.430045712208041 0.569954287791959 0.552338664107422 0.147911985345167
372 0.430036994807847 0.569963005192153 0.552326993505583 0.147931691900047
373 0.430028454473291 0.569971545526709 0.552315557639819 0.147950998554467
374 0.430020087594871 0.569979912405129 0.552304351820024 0.147969913445459
375 0.430011890637191 0.569988109362809 0.552293371448455 0.147988444543597
376 0.430003860137419 0.569996139862581 0.552282612017968 0.148006599656425
377 0.42999599270378 0.57000400729622 0.552272069110295 0.14802438643184
378 0.429988285014074 0.570011714985926 0.552261738394343 0.148041812361379
379 0.429980733814232 0.570019266185768 0.55225161562453 0.148058884783455
380 0.429973335916902 0.570026664083098 0.552241696639139 0.148075610886517
381 0.429966088200062 0.570033911799939 0.55223197735872 0.14809199771214
382 0.429958987605661 0.570041012394339 0.552222453784496 0.148108052158059
383 0.4299520311383 0.5700479688617 0.552213121996823 0.148123780981134
384 0.429945215863927 0.570054784136073 0.552203978153659 0.14813919080025
385 0.429938538908566 0.570061461091434 0.552195018489067 0.148154288099163
386 0.429931997457076 0.570068002542924 0.552186239311747 0.148169079229283
387 0.429925588751931 0.570074411248068 0.552177637003593 0.148183570412394
388 0.429919310092029 0.570080689907972 0.552169208018275 0.148197767743329
389 0.429913158831521 0.570086841168479 0.552160948879848 0.148211677192574
390 0.429907132378675 0.570092867621325 0.552152856181387 0.14822530460883
391 0.429901228194753 0.570098771805247 0.552144926583647 0.148238655721517
392 0.429895443792918 0.570104556207082 0.552137156813747 0.14825173614322
393 0.429889776737164 0.570110223262836 0.552129543663875 0.148264551372097
394 0.429884224641263 0.570115775358737 0.552122083990026 0.148277106794223
395 0.429878785167742 0.570121214832258 0.552114774710755 0.148289407685895
396 0.429873456026874 0.570126543973126 0.552107612805956 0.148301459215884
397 0.429868234975698 0.570131765024303 0.552100595315663 0.148313266447641
398 0.42986311981705 0.57013688018295 0.552093719338879 0.148324834341457
399 0.429858108398627 0.570141891601373 0.552086982032414 0.148336167756583
400 0.429853198612054 0.570146801387946 0.552080380609761 0.148347271453294
401 0.429848388391988 0.570151611608012 0.55207391233998 0.148358150094924
402 0.429843675715227 0.570156324284773 0.552067574546609 0.148368808249853
403 0.429839058599848 0.570160941400152 0.552061364606598 0.148379250393446
404 0.429834535104352 0.570165464895648 0.552055279949255 0.148389480909963
405 0.42983010332684 0.570169896673161 0.552049318055219 0.148399504094426
406 0.429825761404192 0.570174238595808 0.552043476455452 0.148409324154438
407 0.429821507511278 0.570178492488722 0.552037752730245 0.148418945211984
408 0.429817339860171 0.570182660139829 0.552032144508249 0.14842837130517
409 0.429813256699388 0.570186743300612 0.55202664946552 0.148437606389949
410 0.429809256313138 0.570190743686862 0.552021265324587 0.148446654341797
411 0.429805337020594 0.570194662979406 0.55201598985353 0.148455518957359
412 0.429801497175171 0.570198502824829 0.552010820865086 0.148464203956059
413 0.429797735163829 0.570202264836172 0.552005756215764 0.148472712981681
414 0.42979404940638 0.570205950593621 0.552000793804977 0.148481049603915
415 0.429790438354818 0.570209561645182 0.5519959315742 0.148489217319868
416 0.429786900492659 0.570213099507341 0.551991167506132 0.148497219555549
417 0.429783434334295 0.570216565665704 0.551986499623881 0.14850505966732
418 0.429780038424362 0.570219961575638 0.551981925990167 0.148512740943318
419 0.429776711337119 0.570223288662881 0.551977444706531 0.148520266604848
420 0.429773451675843 0.570226548324157 0.551973053912569 0.14852763980775
421 0.429770258072236 0.570229741927764 0.551968751785178 0.148534863643728
422 0.429767129185841 0.570232870814159 0.551964536537812 0.148541941141668
423 0.429764063703476 0.570235936296524 0.55196040641976 0.148548875268911
424 0.429761060338671 0.570238939661329 0.55195635971543 0.148555668932514
425 0.429758117831128 0.570241882168872 0.551952394743655 0.148562324980476
426 0.429755234946179 0.570244765053821 0.551948509857008 0.148568846202946
427 0.42975241047427 0.57024758952573 0.551944703441126 0.148575235333399
428 0.429749643230439 0.570250356769561 0.55194097391406 0.148581495049793
429 0.429746932053823 0.570253067946177 0.551937319725623 0.148587627975698
430 0.429744275807157 0.570255724192843 0.551933739356761 0.148593636681411
431 0.429741673376298 0.570258326623702 0.551930231318933 0.148599523685032
432 0.42973912366975 0.57026087633025 0.551926794153502 0.148605291453537
433 0.429736625618202 0.570263374381798 0.551923426431137 0.148610942403811
434 0.429734178174078 0.570265821825922 0.551920126751234 0.148616478903675
435 0.429731780311088 0.570268219688912 0.551916893741336 0.14862190327288
436 0.429729431023797 0.570270568976202 0.551913726056577 0.148627217784091
437 0.429727129327202 0.570272870672798 0.551910622379129 0.148632424663839
438 0.42972487425631 0.57027512574369 0.551907581417663 0.148637526093467
439 0.429722664865731 0.570277335134269 0.551904601906817 0.148642524210046
440 0.429720500229283 0.570279499770716 0.551901682606682 0.148647421107275
441 0.429718379439595 0.570281620560405 0.55189882230229 0.148652218836368
442 0.429716301607724 0.570283698392275 0.551896019803115 0.148656919406915
443 0.429714265862785 0.570285734137215 0.551893273942587 0.14866152478773
444 0.429712271351574 0.570287728648427 0.55189058357761 0.148666036907678
445 0.429710317238215 0.570289682761785 0.551887947588095 0.148670457656492
446 0.429708402703805 0.570291597296195 0.551885364876499 0.148674788885568
447 0.429706526946066 0.570293473053934 0.55188283436737 0.148679032408741
448 0.42970468917901 0.57029531082099 0.551880355006913 0.148683190003052
449 0.429702888632603 0.570297111367397 0.551877925762546 0.148687263409496
450 0.429701124552445 0.570298875447555 0.551875545622484 0.148691254333752
451 0.429699396199447 0.570300603800552 0.551873213595317 0.148695164446908
452 0.429697702849524 0.570302297150476 0.551870928709605 0.148698995386153
453 0.429696043793283 0.570303956206717 0.551868690013474 0.148702748755478
454 0.429694418335732 0.570305581664268 0.551866496574227 0.148706426126341
455 0.429692825795981 0.570307174204019 0.551864347477958 0.148710029038334
456 0.429691265506957 0.570308734493043 0.551862241829179 0.148713558999828
457 0.429689736815123 0.570310263184877 0.551860178750441 0.148717017488609
458 0.429688239080202 0.570311760919798 0.551858157381983 0.148720405952497
459 0.42968677167491 0.57031322832509 0.55185617688137 0.148723725809957
460 0.429685333984686 0.570314666015314 0.55185423642315 0.148726978450695
461 0.429683925407439 0.570316074592561 0.551852335198507 0.14873016523624
462 0.429682545353291 0.570317454646709 0.551850472414935 0.14873328750052
463 0.429681193244332 0.570318806755668 0.551848647295903 0.148736346550418
464 0.42967986851437 0.57032013148563 0.551846859080537 0.148739343666325
465 0.429678570608702 0.570321429391298 0.551845107023308 0.148742280102678
466 0.429677298983873 0.570322701016127 0.551843390393721 0.148745157088482
467 0.429676053107451 0.570323946892549 0.551841708476012 0.148747975827834
468 0.4296748324578 0.5703251675422 0.551840060568855 0.148750737500422
469 0.429673636523867 0.570326363476134 0.551838445985069 0.148753443262024
470 0.429672464804957 0.570327535195044 0.551836864051336 0.148756094244992
471 0.429671316810532 0.570328683189468 0.55183531410792 0.148758691558729
472 0.42967019206 0.57032980794 0.551833795508395 0.148761236290154
473 0.429669090082513 0.570330909917487 0.551832307619379 0.148763729504155
474 0.429668010416769 0.570331989583231 0.551830849820267 0.148766172244044
475 0.429666952610821 0.570333047389179 0.551829421502981 0.148768565531986
476 0.429665916221883 0.570334083778118 0.55182802207171 0.148770910369436
477 0.429664900816145 0.570335099183854 0.551826650942668 0.148773207737551
478 0.429663905968595 0.570336094031404 0.551825307543854 0.14877545859761
479 0.429662931262834 0.570337068737166 0.551823991314808 0.148777663891412
480 0.429661976290903 0.570338023709097 0.551822701706385 0.148779824541673
481 0.429661040653116 0.570338959346884 0.551821438180524 0.148781941452413
482 0.429660123957884 0.570339876042116 0.551820200210025 0.148784015509336
483 0.42965922582156 0.57034077417844 0.551818987278332 0.148786047580198
484 0.429658345868269 0.570341654131731 0.551817798879319 0.148788038515177
485 0.429657483729757 0.570342516270243 0.551816634517075 0.148789989147225
486 0.429656639045232 0.570343360954768 0.551815493705705 0.148791900292418
487 0.429655811461215 0.570344188538786 0.551814375969123 0.1487937727503
488 0.429655000631389 0.570344999368611 0.551813280840857 0.148795607304217
489 0.429654206216457 0.570345793783543 0.551812207863857 0.148797404721646
490 0.429653427883998 0.570346572116002 0.551811156590299 0.148799165754516
491 0.429652665308325 0.570347334691675 0.551810126581406 0.148800891139524
492 0.429651918170354 0.570348081829646 0.551809117407262 0.148802581598443
493 0.429651186157464 0.570348813842536 0.551808128646632 0.148804237838426
494 0.42965046896337 0.57034953103663 0.551807159886794 0.148805860552302
495 0.429649766287993 0.570350233712007 0.551806210723356 0.148807450418865
496 0.429649077837332 0.570350922162668 0.551805280760101 0.148809008103161
497 0.429648403323347 0.570351596676653 0.55180436960881 0.148810534256765
498 0.42964774246383 0.57035225753617 0.551803476889111 0.148812029518053
499 0.429647094982293 0.570352905017707 0.551802602228314 0.148813494512473
500 0.429646460607849 0.570353539392151 0.551801745261259 0.148814929852803
501 0.429645839075098 0.570354160924902 0.551800905630163 0.148816336139413
502 0.429645230124018 0.570354769875982 0.551800082984472 0.14881771396051
503 0.429644633499855 0.570355366500145 0.551799276980714 0.148819063892389
504 0.429644048953014 0.570355951046986 0.55179848728236 0.148820386499675
505 0.429643476238959 0.570356523761041 0.551797713559676 0.148821682335556
506 0.429642915118105 0.570357084881895 0.551796955489596 0.148822951942018
507 0.429642365355721 0.570357634644279 0.551796212755579 0.14882419585007
508 0.429641826721833 0.570358173278168 0.551795485047481 0.148825414579966
509 0.429641298991121 0.570358701008879 0.551794772061428 0.148826608641427
510 0.429640781942834 0.570359218057166 0.551794073499684 0.148827778533849
511 0.429640275360689 0.570359724639312 0.551793389070532 0.148828924746516
512 0.429639779032784 0.570360220967216 0.55179271848815 0.148830047758804
513 0.429639292751512 0.570360707248488 0.551792061472493 0.14883114804038
514 0.429638816313468 0.570361183686532 0.551791417749177 0.148832226051401
515 0.429638349519367 0.570361650480633 0.551790787049362 0.148833282242707
516 0.429637892173961 0.570362107826039 0.551790169109643 0.148834317056008
517 0.429637444085957 0.570362555914043 0.551789563671939 0.148835330924069
518 0.429637005067936 0.570362994932065 0.551788970483387 0.148836324270891
519 0.429636574936273 0.570363425063727 0.551788389296233 0.148837297511893
520 0.429636153511064 0.570363846488936 0.551787819867734 0.148838251054079
521 0.429635740616048 0.570364259383952 0.551787261960052 0.148839185296212
522 0.429635336078533 0.570364663921467 0.551786715340157 0.148840100628983
523 0.429634939729325 0.570365060270675 0.551786179779732 0.148840997435171
524 0.429634551402656 0.570365448597344 0.551785655055073 0.148841876089803
525 0.429634170936114 0.570365829063886 0.551785140947 0.148842736960316
526 0.429633798170578 0.570366201829422 0.551784637240766 0.148843580406705
527 0.429633432950148 0.570366567049852 0.551784143725961 0.148844406781676
528 0.429633075122081 0.570366924877919 0.551783660196435 0.148845216430794
529 0.429632724536728 0.570367275463273 0.551783186450201 0.148846009692629
530 0.429632381047468 0.570367618952532 0.551782722289358 0.148846786898894
531 0.429632044510653 0.570367955489347 0.551782267520007 0.148847548374588
532 0.42963171478554 0.57036828521446 0.551781821952169 0.148848294438127
533 0.429631391734237 0.570368608265763 0.551781385399706 0.148849025401484
534 0.429631075221646 0.570368924778354 0.551780957680244 0.148849741570312
535 0.429630765115402 0.570369234884598 0.551780538615098 0.14885044324408
536 0.429630461285821 0.570369538714179 0.551780128029194 0.14885113071619
537 0.429630163605846 0.570369836394154 0.551779725750999 0.148851804274108
538 0.429629871950991 0.570370128049009 0.551779331612451 0.148852464199475
539 0.429629586199292 0.570370413800708 0.551778945448882 0.148853110768235
540 0.429629306231253 0.570370693768748 0.551778567098958 0.148853744250744
541 0.429629031929798 0.570370968070202 0.551778196404606 0.148854364911883
542 0.429628763180223 0.570371236819778 0.551777833210951 0.148854973011173
543 0.429628499870143 0.570371500129856 0.551777477366247 0.14885556880288
544 0.429628241889453 0.570371758110547 0.55177712872182 0.148856152536121
545 0.429627989130273 0.570372010869727 0.551776787132002 0.148856724454973
546 0.42962774148691 0.57037225851309 0.55177645245407 0.148857284798569
547 0.42962749885581 0.57037250114419 0.551776124548188 0.148857833801203
548 0.429627261135514 0.570372738864486 0.551775803277349 0.148858371692425
549 0.429627028226619 0.570372971773381 0.551775488507316 0.148858898697138
550 0.429626800031735 0.570373199968265 0.551775180106567 0.148859415035693
551 0.429626576455442 0.570373423544558 0.55177487794624 0.148859920923978
552 0.429626357404253 0.570373642595747 0.551774581900081 0.148860416573514
553 0.429626142786573 0.570373857213427 0.551774291844388 0.148860902191538
554 0.429625932512661 0.570374067487339 0.551774007657961 0.148861377981092
555 0.429625726494594 0.570374273505406 0.551773729222051 0.148861844141109
556 0.429625524646228 0.570374475353772 0.551773456420313 0.148862300866493
557 0.429625326883164 0.570374673116836 0.551773189138754 0.148862748348204
558 0.429625133122711 0.57037486687729 0.551772927265685 0.148863186773337
559 0.42962494328385 0.57037505671615 0.55177267069168 0.148863616325197
560 0.429624757287207 0.570375242712793 0.551772419309524 0.148864037183383
561 0.42962457505501 0.57037542494499 0.55177217301417 0.148864449523853
562 0.429624396511064 0.570375603488936 0.551771931702699 0.148864853519008
563 0.429624221580716 0.570375778419284 0.551771695274269 0.148865249337756
564 0.429624050190824 0.570375949809176 0.551771463630083 0.148865637145588
565 0.429623882269727 0.570376117730273 0.55177123667334 0.148866017104644
566 0.429623717747214 0.570376282252786 0.551771014309196 0.148866389373781
567 0.429623556554497 0.570376443445504 0.551770796444729 0.148866754108644
568 0.429623398624177 0.570376601375823 0.551770582988893 0.148867111461722
569 0.429623243890224 0.570376756109776 0.551770373852487 0.148867461582423
570 0.429623092287941 0.570376907712059 0.551770168948112 0.148867804617127
571 0.429622943753943 0.570377056246057 0.551769968190138 0.148868140709252
572 0.429622798226126 0.570377201773874 0.551769771494669 0.148868469999314
573 0.429622655643644 0.570377344356356 0.551769578779502 0.148868792624983
574 0.429622515946884 0.570377484053116 0.551769389964102 0.148869108721145
575 0.429622379077438 0.570377620922562 0.55176920496956 0.148869418419952
576 0.429622244978081 0.570377755021919 0.551769023718563 0.148869721850884
577 0.429622113592747 0.570377886407254 0.551768846135365 0.148870019140799
578 0.429621984866502 0.570378015133498 0.551768672145749 0.148870310413989
579 0.429621858745529 0.570378141254471 0.551768501677003 0.148870595792227
580 0.429621735177095 0.570378264822904 0.551768334657883 0.148870875394823
581 0.429621614109539 0.57037838589046 0.551768171018587 0.148871149338674
582 0.429621495492243 0.570378504507757 0.551768010690727 0.148871417738307
583 0.429621379275614 0.570378620724386 0.551767853607297 0.148871680705933
584 0.429621265411063 0.570378734588937 0.551767699702647 0.148871938351492
585 0.429621153850986 0.570378846149014 0.551767548912454 0.148872190782699
586 0.429621044548739 0.570378955451261 0.551767401173699 0.148872438105087
587 0.429620937458626 0.570379062541374 0.551767256424635 0.148872680422054
588 0.429620832535874 0.570379167464126 0.551767114604768 0.148872917834907
589 0.429620729736617 0.570379270263383 0.551766975654823 0.148873150442899
590 0.429620629017876 0.570379370982124 0.551766839516729 0.148873378343276
591 0.429620530337542 0.570379469662458 0.551766706133587 0.148873601631316
592 0.429620433654359 0.570379566345641 0.551766575449651 0.148873820400368
593 0.429620338927907 0.570379661072093 0.551766447410301 0.148874034741892
594 0.429620246118582 0.570379753881418 0.551766321962023 0.148874244745496
595 0.429620155187582 0.570379844812418 0.551766199052386 0.148874450498974
596 0.429620066096893 0.570379933903108 0.551766078630021 0.148874652088347
597 0.429619978809266 0.570380021190734 0.551765960644594 0.148874849597888
598 0.42961989328821 0.57038010671179 0.551765845046796 0.148875043110171
599 0.429619809497971 0.570380190502029 0.55176573178831 0.148875232706095
600 0.429619727403518 0.570380272596482 0.551765620821799 0.148875418464921
601 0.42961964697053 0.57038035302947 0.551765512100884 0.14887560046431
602 0.42961956816538 0.57038043183462 0.551765405580123 0.148875778780346
603 0.429619490955123 0.570380509044877 0.551765301214996 0.148875953487576
604 0.429619415307479 0.570380584692521 0.55176519896188 0.148876124659039
605 0.429619341190822 0.570380658809178 0.551765098778039 0.148876292366293
606 0.429619268574167 0.570380731425833 0.551765000621598 0.148876456679449
607 0.429619197427156 0.570380802572844 0.551764904451531 0.1488766176672
608 0.429619127720043 0.570380872279957 0.551764810227643 0.148876775396847
609 0.429619059423688 0.570380940576312 0.55176471791055 0.14887692993433
610 0.429618992509537 0.570381007490462 0.551764627461667 0.148877081344254
611 0.429618926949618 0.570381073050383 0.551764538843188 0.148877229689917
612 0.42961886271652 0.57038113728348 0.551764452018074 0.148877375033333
613 0.429618799783392 0.570381200216608 0.551764366950034 0.148877517435266
614 0.429618738123923 0.570381261876077 0.551764283603511 0.148877656955246
615 0.429618677712336 0.570381322287664 0.551764201943669 0.148877793651599
616 0.429618618523375 0.570381381476625 0.551764121936375 0.148877927581472
617 0.429618560532296 0.570381439467704 0.551764043548189 0.148878058800854
618 0.429618503714855 0.570381496285145 0.551763966746345 0.148878187364602
619 0.4296184480473 0.5703815519527 0.551763891498742 0.148878313326461
620 0.429618393506357 0.570381606493642 0.551763817773929 0.14887843673909
621 0.429618340069227 0.570381659930773 0.551763745541089 0.148878557654081
622 0.429618287713569 0.570381712286431 0.551763674770029 0.148878676121982
623 0.429618236417495 0.570381763582505 0.55176360543117 0.148878792192319
624 0.429618186159562 0.570381813840438 0.551763537495528 0.148878905913614
625 0.429618136918757 0.570381863081242 0.551763470934707 0.148879017333409
626 0.429618088674498 0.570381911325502 0.551763405720887 0.148879126498281
627 0.429618041406614 0.570381958593386 0.551763341826807 0.148879233453868
628 0.429617995095345 0.570382004904655 0.551763279225762 0.148879338244881
629 0.429617949721331 0.570382050278669 0.551763217891584 0.148879440915127
630 0.429617905265603 0.570382094734396 0.551763157798637 0.148879541507528
631 0.429617861709577 0.570382138290423 0.551763098921802 0.148879640064136
632 0.429617819035043 0.570382180964957 0.551763041236469 0.148879736626151
633 0.429617777224161 0.570382222775839 0.551762984718527 0.148879831233941
634 0.429617736259454 0.570382263740546 0.551762929344351 0.148879923927055
635 0.429617696123794 0.570382303876206 0.551762875090795 0.148880014744245
636 0.429617656800405 0.570382343199596 0.551762821935182 0.148880103723475
637 0.429617618272845 0.570382381727155 0.551762769855292 0.148880190901941
638 0.429617580525011 0.57038241947499 0.551762718829358 0.14888027631609
639 0.42961754354112 0.57038245645888 0.551762668836049 0.148880360001626
640 0.429617507305712 0.570382492694288 0.551762619854469 0.148880441993535
641 0.429617471803639 0.570382528196362 0.551762571864143 0.148880522326093
642 0.429617437020059 0.570382562979941 0.551762524845013 0.148880601032881
643 0.429617402940431 0.570382597059569 0.551762478777424 0.148880678146802
644 0.429617369550508 0.570382630449492 0.551762433642119 0.148880753700093
645 0.429617336836333 0.570382663163667 0.551762389420232 0.148880827724338
646 0.429617304784228 0.570382695215772 0.551762346093279 0.148880900250483
647 0.429617273380795 0.570382726619205 0.551762303643149 0.148880971308846
648 0.429617242612906 0.570382757387094 0.551762262052097 0.148881040929133
649 0.429617212467698 0.570382787532302 0.551762221302739 0.148881109140447
650 0.42961718293257 0.57038281706743 0.551762181378041 0.148881175971304
651 0.429617153995173 0.570382846004826 0.551762142261314 0.14888124144964
652 0.429617125643413 0.570382874356587 0.551762103936208 0.14888130560283
653 0.429617097865435 0.570382902134565 0.551762066386702 0.148881368457691
654 0.429617070649628 0.570382929350372 0.551762029597101 0.148881430040499
655 0.429617043984615 0.570382956015385 0.551761993552026 0.148881490376998
656 0.429617017859248 0.570382982140752 0.551761958236411 0.148881549492411
657 0.429616992262605 0.570383007737394 0.551761923635492 0.14888160741145
658 0.429616967183988 0.570383032816012 0.551761889734808 0.148881664158328
659 0.42961694261291 0.57038305738709 0.551761856520187 0.148881719756767
660 0.429616918539102 0.570383081460898 0.551761823977745 0.148881774230009
661 0.429616894952499 0.570383105047501 0.551761792093879 0.148881827600827
662 0.42961687184324 0.57038312815676 0.551761760855262 0.14888187989153
663 0.429616849201666 0.570383150798334 0.551761730248835 0.148881931123978
664 0.429616827018311 0.570383172981689 0.551761700261805 0.148881981319589
665 0.429616805283902 0.570383194716098 0.551761670881637 0.148882030499345
666 0.429616783989353 0.570383216010648 0.55176164209605 0.148882078683807
667 0.429616763125761 0.570383236874239 0.55176161389301 0.148882125893116
668 0.429616742684406 0.570383257315594 0.55176158626073 0.148882172147008
669 0.429616722656742 0.570383277343258 0.551761559187658 0.148882217464819
670 0.429616703034396 0.570383296965604 0.551761532662477 0.148882261865492
671 0.429616683809166 0.570383316190834 0.5517615066741 0.14888230536759
672 0.429616664973015 0.570383335026985 0.551761481211664 0.148882347989297
673 0.429616646518069 0.570383353481931 0.551761456264524 0.14888238974843
674 0.429616628436612 0.570383371563388 0.551761431822253 0.148882430662448
675 0.429616610721087 0.570383389278913 0.551761407874633 0.148882470748452
676 0.429616593364087 0.570383406635913 0.551761384411653 0.1488825100232
677 0.429616576358356 0.570383423641644 0.551761361423507 0.148882548503111
678 0.429616559696786 0.570383440303214 0.551761338900584 0.148882586204271
679 0.429616543372411 0.570383456627589 0.55176131683347 0.148882623142439
680 0.429616527378407 0.570383472621593 0.551761295212941 0.148882659333057
681 0.429616511708088 0.570383488291911 0.551761274029959 0.148882694791255
682 0.429616496354904 0.570383503645096 0.551761253275668 0.148882729531854
683 0.429616481312436 0.570383518687564 0.551761232941394 0.148882763569377
684 0.429616466574396 0.570383533425604 0.551761213018636 0.148882796918054
685 0.429616452134623 0.570383547865377 0.551761193499067 0.148882829591825
686 0.42961643798708 0.57038356201292 0.551761174374526 0.148882861604349
687 0.429616424125853 0.570383575874146 0.55176115563702 0.148882892969008
688 0.429616410545149 0.570383589454851 0.551761137278716 0.148882923698914
689 0.429616397239289 0.570383602760711 0.55176111929194 0.148882953806912
690 0.429616384202712 0.570383615797288 0.551761101669173 0.148882983305589
691 0.429616371429967 0.570383628570033 0.551761084403048 0.148883012207276
692 0.429616358915715 0.570383641084284 0.551761067486348 0.148883040524055
693 0.429616346654726 0.570383653345274 0.551761050912002 0.148883068267764
694 0.429616334641873 0.570383665358127 0.551761034673081 0.14888309545
695 0.429616322872134 0.570383677127866 0.551761018762797 0.148883122082126
696 0.42961631134059 0.57038368865941 0.551761003174499 0.148883148175275
697 0.429616300042419 0.570383699957581 0.551760987901671 0.148883173740355
698 0.4296162889729 0.570383711027101 0.551760972937929 0.148883198788053
699 0.429616278127403 0.570383721872597 0.551760958277018 0.14888322332884
700 0.429616267501397 0.570383732498603 0.551760943912808 0.148883247372975
701 0.429616257090438 0.570383742909562 0.551760929839297 0.148883270930508
702 0.429616246890174 0.570383753109826 0.551760916050599 0.148883294011288
703 0.429616236896342 0.570383763103658 0.551760902540953 0.148883316624963
704 0.429616227104764 0.570383772895236 0.551760889304709 0.148883338780986
705 0.429616217511346 0.570383782488654 0.551760876336336 0.148883360488619
706 0.429616208112078 0.570383791887922 0.551760863630413 0.148883381756937
707 0.429616198903032 0.570383801096968 0.551760851181627 0.14888340259483
708 0.429616189880356 0.570383810119644 0.551760838984776 0.14888342301101
709 0.42961618104028 0.57038381895972 0.55176082703476 0.148883443014011
710 0.429616172379108 0.570383827620892 0.551760815326584 0.148883462612194
711 0.42961616389322 0.57038383610678 0.551760803855355 0.148883481813753
712 0.429616155579068 0.570383844420933 0.551760792616276 0.148883500626715
713 0.429616147433176 0.570383852566824 0.55176078160465 0.148883519058942
714 0.429616139452139 0.570383860547861 0.551760770815874 0.148883537118142
715 0.429616131632621 0.570383868367379 0.551760760245437 0.148883554811863
716 0.429616123971353 0.570383876028646 0.551760749888921 0.148883572147502
717 0.429616116465133 0.570383883534867 0.551760739741997 0.148883589132305
718 0.429616109110823 0.570383890889177 0.551760729800423 0.148883605773373
719 0.429616101905347 0.570383898094653 0.551760720060043 0.148883622077662
720 0.429616094845695 0.570383905154305 0.551760710516786 0.148883638051987
721 0.429616087928915 0.570383912071085 0.551760701166663 0.148883653703028
722 0.429616081152116 0.570383918847884 0.551760692005764 0.148883669037326
723 0.429616074512464 0.570383925487536 0.55176068303026 0.14888368406129
724 0.429616068007184 0.570383931992816 0.5517606742364 0.148883698781203
725 0.429616061633557 0.570383938366443 0.551760665620507 0.148883713203217
726 0.429616055388919 0.570383944611081 0.55176065717898 0.148883727333361
727 0.429616049270658 0.570383950729342 0.55176064890829 0.148883741177542
728 0.429616043276217 0.570383956723783 0.55176064080498 0.148883754741547
729 0.429616037403091 0.570383962596909 0.551760632865662 0.148883768031047
730 0.429616031648824 0.570383968351175 0.551760625087017 0.148883781051596
731 0.429616026011012 0.570383973988989 0.551760617465795 0.148883793808637
732 0.429616020487295 0.570383979512704 0.551760609998808 0.148883806307505
733 0.429616015075367 0.570383984924633 0.551760602682936 0.148883818553422
734 0.429616009772965 0.570383990227035 0.55176059551512 0.148883830551509
735 0.429616004577871 0.570383995422128 0.551760588492364 0.148883842306781
736 0.429615999487915 0.570384000512084 0.551760581611733 0.148883853824153
737 0.429615994500969 0.570384005499031 0.55176057487035 0.148883865108438
738 0.429615989614947 0.570384010385053 0.551760568265397 0.148883876164354
739 0.429615984827808 0.570384015172192 0.551760561794113 0.148883886996522
740 0.42961598013755 0.57038401986245 0.551760555453794 0.148883897609472
741 0.429615975542212 0.570384024457787 0.551760549241787 0.148883908007638
742 0.429615971039875 0.570384028960126 0.551760543155498 0.148883918195369
743 0.429615966628654 0.570384033371346 0.551760537192381 0.148883928176922
744 0.429615962306707 0.570384037693293 0.551760531349943 0.148883937956471
745 0.429615958072227 0.570384041927773 0.551760525625744 0.148883947538103
746 0.429615953923443 0.570384046076557 0.551760520017389 0.148883956925824
747 0.429615949858621 0.570384050141379 0.551760514522534 0.148883966123559
748 0.429615945876063 0.570384054123937 0.551760509138883 0.148883975135151
749 0.429615941974103 0.570384058025897 0.551760503864185 0.148883983964369
750 0.42961593815111 0.57038406184889 0.551760498696234 0.148883992614903
751 0.429615934405485 0.570384065594515 0.551760493632871 0.148884001090369
752 0.429615930735665 0.570384069264335 0.551760488671979 0.14888400939431
753 0.429615927140113 0.570384072859887 0.551760483811484 0.148884017530198
754 0.429615923617327 0.570384076382673 0.551760479049354 0.148884025501434
755 0.429615920165835 0.570384079834166 0.551760474383599 0.148884033311349
756 0.429615916784193 0.570384083215807 0.551760469812269 0.148884040963209
757 0.429615913470988 0.570384086529012 0.551760465333451 0.148884048460212
758 0.429615910224835 0.570384089775165 0.551760460945275 0.148884055805492
759 0.429615907044377 0.570384092955622 0.551760456645905 0.148884063002121
760 0.429615903928285 0.570384096071715 0.551760452433545 0.148884070053105
761 0.429615900875256 0.570384099124744 0.551760448306434 0.148884076961393
762 0.429615897884013 0.570384102115987 0.551760444262846 0.148884083729872
763 0.429615894953306 0.570384105046694 0.551760440301091 0.148884090361373
764 0.42961589208191 0.57038410791809 0.551760436419512 0.148884096858667
765 0.429615889268625 0.570384110731375 0.551760432616489 0.148884103224469
766 0.429615886512275 0.570384113487725 0.551760428890429 0.148884109461442
767 0.429615883811707 0.570384116188293 0.551760425239777 0.148884115572193
768 0.429615881165792 0.570384118834207 0.551760421663006 0.148884121559275
769 0.429615878573426 0.570384121426574 0.55176041815862 0.148884127425192
770 0.429615876033522 0.570384123966478 0.551760414725155 0.148884133172396
771 0.429615873545021 0.570384126454979 0.551760411361176 0.148884138803289
772 0.429615871106882 0.570384128893118 0.551760408065276 0.148884144320226
773 0.429615868718085 0.570384131281915 0.551760404836078 0.148884149725512
774 0.429615866377633 0.570384133622368 0.551760401672232 0.148884155021407
775 0.429615864084545 0.570384135915455 0.551760398572414 0.148884160210124
776 0.429615861837865 0.570384138162135 0.55176039553533 0.148884165293834
777 0.429615859636653 0.570384140363347 0.551760392559709 0.14888417027466
778 0.429615857479988 0.570384142520012 0.551760389644308 0.148884175154686
779 0.429615855366969 0.57038414463303 0.551760386787909 0.148884179935951
780 0.429615853296714 0.570384146703286 0.551760383989316 0.148884184620453
781 0.429615851268355 0.570384148731645 0.551760381247361 0.148884189210152
782 0.429615849281046 0.570384150718954 0.551760378560897 0.148884193706965
783 0.429615847333956 0.570384152666044 0.551760375928801 0.148884198112773
784 0.429615845426271 0.570384154573729 0.551760373349972 0.148884202429417
785 0.429615843557193 0.570384156442807 0.551760370823333 0.148884206658701
786 0.429615841725941 0.570384158274059 0.551760368347828 0.148884210802395
787 0.429615839931749 0.570384160068251 0.551760365922421 0.148884214862229
788 0.429615838173868 0.570384161826132 0.551760363546099 0.148884218839901
789 0.429615836451563 0.570384163548437 0.551760361217868 0.148884222737074
790 0.429615834764113 0.570384165235887 0.551760358936755 0.148884226555377
791 0.429615833110813 0.570384166889187 0.551760356701807 0.148884230296406
792 0.429615831490973 0.570384168509027 0.55176035451209 0.148884233961724
793 0.429615829903914 0.570384170096086 0.551760352366687 0.148884237552865
794 0.429615828348974 0.570384171651026 0.551760350264703 0.148884241071329
795 0.429615826825503 0.570384173174497 0.551760348205258 0.148884244518587
796 0.429615825332863 0.570384174667137 0.551760346187491 0.148884247896081
797 0.429615823870431 0.570384176129569 0.551760344210559 0.148884251205221
798 0.429615822437595 0.570384177562404 0.551760342273636 0.148884254447392
799 0.429615821033757 0.570384178966243 0.551760340375913 0.148884257623948
800 0.42961581965833 0.57038418034167 0.551760338516594 0.148884260736218
801 0.429615818310738 0.570384181689262 0.551760336694905 0.148884263785503
802 0.429615816990418 0.570384183009582 0.551760334910082 0.148884266773076
803 0.429615815696819 0.570384184303181 0.551760333161379 0.148884269700188
804 0.429615814429399 0.570384185570601 0.551760331448067 0.148884272568062
805 0.429615813187629 0.570384186812371 0.551760329769428 0.148884275377896
806 0.429615811970989 0.570384188029011 0.551760328124761 0.148884278130866
807 0.429615810778972 0.570384189221028 0.551760326513379 0.148884280828121
808 0.429615809611078 0.570384190388922 0.551760324934607 0.14888428347079
809 0.42961580846682 0.57038419153318 0.551760323387786 0.148884286059978
810 0.42961580734572 0.57038419265428 0.55176032187227 0.148884288596766
811 0.429615806247307 0.570384193752693 0.551760320387424 0.148884291082214
812 0.429615805171125 0.570384194828875 0.551760318932627 0.148884293517363
813 0.429615804116722 0.570384195883278 0.551760317507273 0.14888429590323
814 0.429615803083657 0.570384196916343 0.551760316110765 0.148884298240813
815 0.4296158020715 0.5703841979285 0.551760314742518 0.148884300531088
816 0.429615801079826 0.570384198920174 0.551760313401962 0.148884302775013
817 0.429615800108222 0.570384199891778 0.551760312088536 0.148884304973525
818 0.42961579915628 0.570384200843719 0.551760310801691 0.148884307127545
819 0.429615798223604 0.570384201776396 0.551760309540889 0.148884309237972
820 0.429615797309804 0.570384202690197 0.551760308305602 0.148884311305689
821 0.429615796414496 0.570384203585504 0.551760307095315 0.14888431333156
822 0.429615795537308 0.570384204462693 0.551760305909521 0.148884315316432
823 0.429615794677871 0.570384205322129 0.551760304747725 0.148884317261134
824 0.429615793835828 0.570384206164172 0.551760303609442 0.14888431916648
825 0.429615793010826 0.570384206989174 0.551760302494194 0.148884321033266
826 0.429615792202521 0.570384207797479 0.551760301401517 0.148884322862272
827 0.429615791410573 0.570384208589427 0.551760300330953 0.148884324654264
828 0.429615790634653 0.570384209365347 0.551760299282055 0.148884326409989
829 0.429615789874436 0.570384210125564 0.551760298254384 0.148884328130183
830 0.429615789129604 0.570384210870397 0.551760297247511 0.148884329815563
831 0.429615788399845 0.570384211600155 0.551760296261015 0.148884331466835
832 0.429615787684855 0.570384212315145 0.551760295294483 0.14888433308469
833 0.429615786984335 0.570384213015665 0.551760294347512 0.148884334669802
834 0.429615786297992 0.570384213702008 0.551760293419705 0.148884336222835
835 0.429615785625539 0.57038421437446 0.551760292510675 0.148884337744438
836 0.429615784966695 0.570384215033304 0.551760291620042 0.148884339235248
837 0.429615784321185 0.570384215678815 0.551760290747433 0.148884340695887
838 0.429615783688738 0.570384216311262 0.551760289892484 0.148884342126965
839 0.429615783069091 0.570384216930909 0.551760289054837 0.148884343529082
840 0.429615782461984 0.570384217538016 0.551760288234142 0.148884344902823
841 0.429615781867163 0.570384218132837 0.551760287430056 0.148884346248763
842 0.42961578128438 0.57038421871562 0.551760286642243 0.148884347567464
843 0.429615780713392 0.570384219286608 0.551760285870374 0.148884348859477
844 0.429615780153959 0.570384219846042 0.551760285114126 0.148884350125343
845 0.429615779605847 0.570384220394153 0.551760284373182 0.14888435136559
846 0.429615779068828 0.570384220931172 0.551760283647233 0.148884352580738
847 0.429615778542678 0.570384221457322 0.551760282935976 0.148884353771294
848 0.429615778027175 0.570384221972825 0.551760282239113 0.148884354937755
849 0.429615777522105 0.570384222477895 0.551760281556353 0.14888435608061
850 0.429615777027257 0.570384222972743 0.551760280887411 0.148884357200336
851 0.429615776542423 0.570384223457577 0.551760280232007 0.148884358297402
852 0.429615776067401 0.5703842239326 0.551760279589867 0.148884359372265
853 0.429615775601992 0.570384224398008 0.551760278960721 0.148884360425375
854 0.429615775146003 0.570384224853998 0.551760278344309 0.148884361457173
855 0.429615774699241 0.570384225300759 0.551760277740371 0.14888436246809
856 0.429615774261521 0.570384225738479 0.551760277148656 0.148884363458547
857 0.42961577383266 0.570384226167341 0.551760276568915 0.148884364428961
858 0.429615773412477 0.570384226587523 0.551760276000908 0.148884365379735
859 0.429615773000798 0.570384226999202 0.551760275444395 0.148884366311267
860 0.429615772597451 0.570384227402549 0.551760274899145 0.148884367223948
861 0.429615772202266 0.570384227797733 0.55176027436493 0.148884368118157
862 0.42961577181508 0.57038422818492 0.551760273841526 0.14888436899427
863 0.429615771435729 0.570384228564271 0.551760273328714 0.148884369852653
864 0.429615771064055 0.570384228935945 0.551760272826281 0.148884370693664
865 0.429615770699903 0.570384229300097 0.551760272334016 0.148884371517654
866 0.429615770343121 0.570384229656879 0.551760271851713 0.148884372324969
867 0.429615769993558 0.570384230006441 0.551760271379171 0.148884373115945
868 0.429615769651071 0.570384230348929 0.551760270916192 0.148884373890914
869 0.429615769315515 0.570384230684485 0.551760270462583 0.1488843746502
870 0.42961576898675 0.57038423101325 0.551760270018154 0.148884375394119
871 0.429615768664638 0.570384231335363 0.551760269582719 0.148884376122982
872 0.429615768349045 0.570384231650956 0.551760269156096 0.148884376837095
873 0.429615768039838 0.570384231960162 0.551760268738107 0.148884377536757
874 0.42961576773689 0.57038423226311 0.551760268328577 0.148884378222258
875 0.429615767440072 0.570384232559928 0.551760267927336 0.148884378893887
876 0.429615767149262 0.570384232850738 0.551760267534214 0.148884379551923
877 0.429615766864336 0.570384233135664 0.551760267149049 0.148884380196642
878 0.429615766585177 0.570384233414822 0.551760266771678 0.148884380828313
879 0.429615766311668 0.570384233688332 0.551760266401945 0.148884381447201
880 0.429615766043694 0.570384233956306 0.551760266039694 0.148884382053564
881 0.429615765781143 0.570384234218857 0.551760265684774 0.148884382647655
882 0.429615765523905 0.570384234476095 0.551760265337037 0.148884383229724
883 0.429615765271873 0.570384234728127 0.551760264996337 0.148884383800012
884 0.429615765024942 0.570384234975058 0.551760264662533 0.14888438435876
885 0.429615764783008 0.570384235216992 0.551760264335484 0.148884384906199
886 0.429615764545971 0.570384235454029 0.551760264015053 0.14888438544256
887 0.42961576431373 0.57038423568627 0.551760263701108 0.148884385968065
888 0.42961576408619 0.57038423591381 0.551760263393515 0.148884386482936
889 0.429615763863255 0.570384236136745 0.551760263092148 0.148884386987387
890 0.429615763644831 0.57038423635517 0.55176026279688 0.148884387481629
891 0.429615763430827 0.570384236569173 0.551760262507588 0.148884387965868
892 0.429615763221155 0.570384236778845 0.55176026222415 0.148884388440308
893 0.429615763015726 0.570384236984274 0.551760261946448 0.148884388905146
894 0.429615762814454 0.570384237185546 0.551760261674367 0.148884389360576
895 0.429615762617255 0.570384237382744 0.551760261407791 0.14888438980679
896 0.429615762424048 0.570384237575952 0.551760261146611 0.148884390243974
897 0.429615762234751 0.57038423776525 0.551760260890716 0.148884390672309
898 0.429615762049284 0.570384237950716 0.55176026064 0.148884391091977
899 0.429615761867571 0.570384238132429 0.551760260394358 0.148884391503151
900 0.429615761689535 0.570384238310465 0.551760260153687 0.148884391906004
901 0.429615761515103 0.570384238484897 0.551760259917887 0.148884392300704
902 0.4296157613442 0.5703842386558 0.551760259686859 0.148884392687416
903 0.429615761176757 0.570384238823243 0.551760259460506 0.148884393066302
904 0.429615761012702 0.570384238987299 0.551760259238735 0.14888439343752
905 0.429615760851967 0.570384239148034 0.551760259021451 0.148884393801226
906 0.429615760694484 0.570384239305515 0.551760258808565 0.14888439415757
907 0.42961576054019 0.57038423945981 0.551760258599987 0.148884394506704
908 0.429615760389017 0.570384239610983 0.55176025839563 0.148884394848771
909 0.429615760240904 0.570384239759096 0.551760258195409 0.148884395183916
910 0.429615760095789 0.570384239904211 0.55176025799924 0.148884395512279
911 0.42961575995361 0.57038424004639 0.551760257807041 0.148884395833996
912 0.429615759814308 0.570384240185691 0.551760257618732 0.148884396149202
913 0.429615759677826 0.570384240322174 0.551760257434234 0.148884396458029
914 0.429615759544107 0.570384240455894 0.551760257253469 0.148884396760606
915 0.429615759413093 0.570384240586907 0.551760257076363 0.14888439705706
916 0.42961575928473 0.57038424071527 0.551760256902841 0.148884397347514
917 0.429615759158966 0.570384240841035 0.551760256732831 0.14888439763209
918 0.429615759035746 0.570384240964254 0.551760256566261 0.148884397910907
919 0.42961575891502 0.57038424108498 0.551760256403062 0.148884398184081
920 0.429615758796738 0.570384241203262 0.551760256243166 0.148884398451727
921 0.429615758680849 0.570384241319151 0.551760256086506 0.148884398713956
922 0.429615758567305 0.570384241432694 0.551760255933016 0.148884398970878
923 0.42961575845606 0.57038424154394 0.551760255782633 0.148884399222601
924 0.429615758347066 0.570384241652934 0.551760255635294 0.148884399469229
925 0.429615758240277 0.570384241759723 0.551760255490936 0.148884399710867
926 0.42961575813565 0.57038424186435 0.551760255349499 0.148884399947614
927 0.42961575803314 0.57038424196686 0.551760255210925 0.148884400179569
928 0.429615757932705 0.570384242067295 0.551760255075155 0.148884400406831
929 0.429615757834302 0.570384242165698 0.551760254942133 0.148884400629493
930 0.429615757737891 0.570384242262109 0.551760254811803 0.148884400847649
931 0.42961575764343 0.570384242356569 0.551760254684111 0.14888440106139
932 0.429615757550882 0.570384242449118 0.551760254559003 0.148884401270806
933 0.429615757460207 0.570384242539793 0.551760254436427 0.148884401475983
934 0.429615757371366 0.570384242628634 0.551760254316331 0.148884401677008
935 0.429615757284324 0.570384242715676 0.551760254198666 0.148884401873965
936 0.429615757199043 0.570384242800957 0.551760254083382 0.148884402066935
937 0.429615757115488 0.570384242884512 0.551760253970431 0.148884402256001
938 0.429615757033624 0.570384242966376 0.551760253859766 0.14888440244124
939 0.429615756953417 0.570384243046583 0.551760253751341 0.14888440262273
940 0.429615756874832 0.570384243125167 0.55176025364511 0.148884402800548
941 0.429615756797839 0.570384243202161 0.551760253541029 0.148884402974766
942 0.429615756722403 0.570384243277597 0.551760253439054 0.148884403145459
943 0.429615756648494 0.570384243351506 0.551760253339143 0.148884403312698
944 0.429615756576081 0.570384243423919 0.551760253241254 0.148884403476552
945 0.429615756505134 0.570384243494866 0.551760253145346 0.14888440363709
946 0.429615756435622 0.570384243564378 0.551760253051379 0.148884403794379
947 0.429615756367517 0.570384243632484 0.551760252959314 0.148884403948484
948 0.42961575630079 0.57038424369921 0.551760252869112 0.148884404099472
949 0.429615756235414 0.570384243764587 0.551760252780735 0.148884404247403
950 0.42961575617136 0.57038424382864 0.551760252694147 0.148884404392341
951 0.429615756108603 0.570384243891397 0.551760252609311 0.148884404534345
952 0.429615756047116 0.570384243952884 0.551760252526193 0.148884404673475
953 0.429615755986874 0.570384244013126 0.551760252444756 0.14888440480979
954 0.42961575592785 0.57038424407215 0.551760252364967 0.148884404943346
955 0.429615755870021 0.570384244129979 0.551760252286793 0.1488844050742
956 0.429615755813363 0.570384244186637 0.551760252210202 0.148884405202405
957 0.429615755757851 0.570384244242149 0.55176025213516 0.148884405328015
958 0.429615755703462 0.570384244296538 0.551760252061637 0.148884405451084
959 0.429615755650174 0.570384244349825 0.551760251989601 0.148884405571662
960 0.429615755597965 0.570384244402035 0.551760251919024 0.148884405689799
961 0.429615755546812 0.570384244453188 0.551760251849875 0.148884405805546
962 0.429615755496695 0.570384244503305 0.551760251782126 0.14888440591895
963 0.429615755447592 0.570384244552408 0.551760251715747 0.148884406030059
964 0.429615755399482 0.570384244600518 0.551760251650712 0.14888440613892
965 0.429615755352346 0.570384244647654 0.551760251586993 0.148884406245578
966 0.429615755306164 0.570384244693836 0.551760251524564 0.148884406350077
967 0.429615755260917 0.570384244739083 0.551760251463398 0.148884406452461
968 0.429615755216585 0.570384244783415 0.55176025140347 0.148884406552773
969 0.429615755173151 0.57038424482685 0.551760251344754 0.148884406651055
970 0.429615755130595 0.570384244869405 0.551760251287227 0.148884406747348
971 0.429615755088901 0.570384244911099 0.551760251230864 0.148884406841692
972 0.42961575504805 0.57038424495195 0.551760251175642 0.148884406934127
973 0.429615755008027 0.570384244991973 0.551760251121538 0.148884407024692
974 0.429615754968813 0.570384245031187 0.551760251068528 0.148884407113423
975 0.429615754930393 0.570384245069607 0.551760251016591 0.148884407200359
976 0.42961575489275 0.57038424510725 0.551760250965706 0.148884407285535
977 0.429615754855869 0.570384245144131 0.55176025091585 0.148884407368988
978 0.429615754819735 0.570384245180265 0.551760250867003 0.148884407450752
979 0.429615754784332 0.570384245215668 0.551760250819144 0.148884407530861
980 0.429615754749645 0.570384245250355 0.551760250772254 0.148884407609348
981 0.42961575471566 0.57038424528434 0.551760250726313 0.148884407686248
982 0.429615754682364 0.570384245317636 0.551760250681302 0.148884407761591
983 0.429615754649741 0.57038424535026 0.551760250637202 0.148884407835409
984 0.429615754617778 0.570384245382222 0.551760250593994 0.148884407907733
985 0.429615754586462 0.570384245413538 0.551760250551661 0.148884407978594
986 0.42961575455578 0.57038424544422 0.551760250510184 0.148884408048021
987 0.429615754525718 0.570384245474282 0.551760250469547 0.148884408116042
988 0.429615754496266 0.570384245503735 0.551760250429732 0.148884408182687
989 0.429615754467409 0.570384245532591 0.551760250390723 0.148884408247984
990 0.429615754439136 0.570384245560864 0.551760250352504 0.148884408311958
991 0.429615754411435 0.570384245588565 0.551760250315058 0.148884408374638
992 0.429615754384295 0.570384245615705 0.551760250278369 0.14888440843605
993 0.429615754357704 0.570384245642296 0.551760250242424 0.148884408496219
994 0.429615754331652 0.570384245668348 0.551760250207205 0.14888440855517
995 0.429615754306126 0.570384245693873 0.551760250172699 0.148884408612928
996 0.429615754281117 0.570384245718882 0.551760250138892 0.148884408669517
997 0.429615754256615 0.570384245743385 0.551760250105769 0.148884408724961
998 0.429615754232608 0.570384245767392 0.551760250073316 0.148884408779283
999 0.429615754209087 0.570384245790913 0.55176025004152 0.148884408832505
1000 0.429615754186042 0.570384245813958 0.551760250010368 0.148884408884651
