"G" "DA2D2" "DA2Y" "DD2Y"
1 -0.166622563841009 6.65955758339387e-05 -5.55111512312578e-17
2 -0.1619434924095 4.84678263214522e-05 1.11022302462516e-16
3 -0.162188091967497 5.12464750207497e-05 2.49095427617974e-09
4 -0.162162178571084 5.38507559678658e-05 3.13996101342084e-09
5 -0.162148425460321 5.65896616581685e-05 3.54820411940793e-09
6 -0.162133303515177 5.94662688247483e-05 3.93841659285243e-09
7 -0.162117842792456 6.24896738839475e-05 4.35658215058865e-09
8 -0.162102015507162 6.5667612974496e-05 4.81570927579611e-09
9 -0.1620857939156 6.9007981974567e-05 5.32224520011226e-09
10 -0.162069137894437 7.25190175338564e-05 5.88161030989909e-09
11 -0.162052004650797 7.6209361132118e-05 6.49942477615184e-09
12 -0.162034349960742 8.00880888793265e-05 7.18181569769882e-09
13 -0.162016128368386 8.41647352053387e-05 7.93553145417292e-09
14 -0.161997293132301 8.84493160150934e-05 8.76802097593554e-09
15 -0.161977796120067 9.29523525954323e-05 9.68750835106391e-09
16 -0.161957587689815 9.76848965933974e-05 1.07030739826541e-08
17 -0.161936616566625 0.000102658556174196 1.18247446279085e-08
18 -0.161914829715145 0.000107885523423612 1.30635903206056e-08
19 -0.161892172208514 0.000113378603052994 1.44318338390903e-08
20 -0.161868587093334 0.000119151242464199 1.59429692225821e-08
21 -0.161844015250445 0.000125217563230751 1.76118942207815e-08
22 -0.161818395251189 0.000131592394054747 1.94550553445083e-08
23 -0.161791663208867 0.000138291305264715 2.14906085149735e-08
24 -0.161763752625083 0.000145330644912622 2.37385954227065e-08
25 -0.16173459423067 0.000152727576538059 2.62211389268074e-08
26 -0.161704115820868 0.000160500118665585 2.89626570504353e-08
27 -0.161672242084454 0.000168667186103311 3.19901022338698e-08
28 -0.161638894426481 0.000177248633112248 3.53332199609646e-08
29 -0.161603990784311 0.000186265298515564 3.90248383608238e-08
30 -0.161567445436599 0.000195739052825383 4.31011850654528e-08
31 -0.161529168804902 0.000205692847451922 4.76022371520557e-08
32 -0.161489067247563 0.000216150766076395 5.25721065569584e-08
33 -0.161447042845533 0.000227138078257305 5.80594643473376e-08
34 -0.161402993179787 0.000238681295347598 6.41180086802251e-08
35 -0.161356811099981 0.000250808228794197 7.08069798904809e-08
36 -0.161308384484016 0.000263548050898177 7.81917274261801e-08
37 -0.161257595988156 0.00027693135810436 8.63443344600867e-08
38 -0.161204322787347 0.000290990236896105 9.5344305450773e-08
39 -0.16114843630543 0.000305758332362849 1.0527932226001e-07
40 -0.161089801934872 0.000321270919507677 1.16246077208615e-07
41 -0.161028278745726 0.000337564977362537 1.28351188233289e-07
42 -0.160963719183483 0.000354679265966606 1.41712207024636e-07
43 -0.16089596875552 0.000372654406266437 1.56458725975028e-07
44 -0.160824865705855 0.000391532962988661 1.72733596870422e-07
45 -0.160750240677938 0.000411359530522459 1.90694268376035e-07
46 -0.160671916365244 0.000432180821855088 2.10514257137362e-07
47 -0.160589707149422 0.000454045760576505 2.32384764320415e-07
48 -0.160503418725843 0.000477005575976963 2.56516448637889e-07
49 -0.160412847716368 0.000501113901232475 2.83141374790574e-07
50 -0.160317781269236 0.000526426874670471 3.12515150757697e-07
51 -0.160217996646017 0.000553003244088468 3.44919273698174e-07
52 -0.160113260795596 0.000580904474076882 3.80663701615713e-07
53 -0.160003329915268 0.000610194856283164 4.20089672881208e-07
54 -0.159887948999046 0.000640941622527313 4.63572795983413e-07
55 -0.159766851373395 0.000673215060654764 5.11526435043042e-07
56 -0.159639758220666 0.000707088632986352 5.64405413794322e-07
57 -0.159506378090631 0.000742639097187248 6.22710072506472e-07
58 -0.159366406400604 0.000779946629354711 6.86990703213652e-07
59 -0.15921952492476 0.000819094949070454 7.57852398280967e-07
60 -0.159065401273413 0.000860171446135038 8.359603507202e-07
61 -0.158903688363134 0.000903267308648426 9.2204563872933e-07
62 -0.158734023878778 0.000948477652053636 1.01691154169581e-06
63 -0.158556029728649 0.000995901648703945 1.12144042607731e-06
64 -0.158369311494222 0.00104564265745616 1.23660125184166e-06
65 -0.15817345787608 0.00109780835272777 1.3634577478161e-06
66 -0.157968040137913 0.00115251085238582 1.50317730718275e-06
67 -0.157752611550699 0.00120986684376234 1.65704066235062e-06
68 -0.157526706839446 0.0012699977070077 1.8264523939937e-06
69 -0.15728984163517 0.00133302963491205 2.01295234314447e-06
70 -0.157041511935065 0.00139909374822855 2.21822798152083e-06
71 -0.156781193574181 0.00146832620544174 2.44412781791326e-06
72 -0.156508341712256 0.00154086830581568 2.69267590624622e-06
73 -0.156222390339717 0.00161686658445359 2.96608752775596e-06
74 -0.155922751807266 0.00169647289798452 3.26678612594389e-06
75 -0.155608816383857 0.00177984449938162 3.59742156735843e-06
76 -0.155279951848321 0.00186714410028821 3.960889809973e-06
77 -0.154935503120312 0.00195853991910849 4.36035405271262e-06
78 -0.154574791936725 0.00205420571299059 4.79926744889614e-06
79 -0.154197116580199 0.00215432079170508 5.28139745503697e-06
80 -0.15380175166678 0.00225907001128828 5.81085189377273e-06
81 -0.153387948000323 0.00236864374519946 6.39210679664881e-06
82 -0.152954932501667 0.00248323783061055 7.0300360928699e-06
83 -0.152501908221102 0.00260305348734097 7.72994320275e-06
84 -0.152028054443084 0.00272829720682188 8.49759458065869e-06
85 -0.151532526892618 0.00285918060839463 9.33925524704282e-06
86 -0.151014458053083 0.002995920260147 1.02617263298965e-05
87 -0.150472957605685 0.0031387374614299 1.12723846233398e-05
88 -0.149907113000986 0.00328785798414283 1.23792241485399e-05
89 -0.14931599017322 0.00344351176985869 1.35908996788947e-05
90 -0.148698634408274 0.00360593257985659 1.49167721683607e-05
91 -0.148054071376258 0.00377535759517161 1.63669559849478e-05
92 -0.147381308339575 0.00395202696384872 1.79523678257576e-05
93 -0.146679335547215 0.00413618329270571 1.96847771410935e-05
94 -0.145947127825711 0.00432807108107375 2.15768578590847e-05
95 -0.145183646376712 0.00452793609421159 2.36422411553638e-05
96 -0.144387840790503 0.00473602467436574 2.58955689536045e-05
97 -0.143558651283949 0.0049525829877819 2.83525477953184e-05
98 -0.142695011170327 0.00517785620640188 3.10300026523658e-05
99 -0.141795849567214 0.00541208762343764 3.39459301904599e-05
100 -0.140860094347104 0.00565551770258238 3.7119550933995e-05
101 -0.139886675333705 0.00590838306124247 4.05713597017021e-05
102 -0.138874527744807 0.00617091538888254 4.43231736224625e-05
103 -0.137822595880407 0.00644334030235383 4.8398176963893e-05
104 -0.136729837052226 0.00672587614093562 5.28209619395925e-05
105 -0.135595225747971 0.00701873270474329 5.76175645928267e-05
106 -0.134417758020742 0.00732210994113813 6.28154947899251e-05
107 -0.133196456090687 0.00763619658482695 6.84437593047593e-05
108 -0.131930373142643 0.00796116875840963 7.45328769182763e-05
109 -0.130618598299909 0.00829718854126055 8.11148844321319e-05
110 -0.129260261750607 0.00864440251573978 8.82233324587256e-05
111 -0.127854539999326 0.00900294030086946 9.58932698472692e-05
112 -0.126400661213012 0.00937291308468063 0.000104161215614684
113 -0.12489791062634 0.00975441216749717 0.000113065117277822
114 -0.12334563596827 0.0101475075293744 0.000122644294537344
115 -0.121743252868115 0.0105522464357748 0.000132939367341101
116 -0.120090250196438 0.0109686520962984 0.000143992167458529
117 -0.118386195293376 0.0113967223918436 0.00015584563283233
118 -0.116630739034855 0.0118364286859728 0.000168543684128719
119 -0.114823620685461 0.0122877147364188 0.000182131083106274
120 -0.112964672485765 0.0127504957226102 0.000196653272629133
121 -0.111053823921585 0.0132246574047735 0.000212156198402313
122 -0.109091105623136 0.0137100554295864 0.000228686112771825
123 -0.107076652843316 0.0142065147964754 0.000246289361211405
124 -0.105010708466506 0.0147138294975105 0.000265012152435018
125 -0.102893625502284 0.0152317623424046 0.000284900313368641
126 -0.100725869022327 0.0157600449784134 0.000305999030546011
127 -0.0985080175034708 0.0162983781129767 0.000328352579796909
128 -0.0962407635454247 0.0168464319447385 0.000352004046403676
129 -0.0939249139378517 0.017403846806201 0.000376995038185168
130 -0.0915613890583761 0.0179702340187101 0.000403365394222199
131 -0.0891512215904695 0.0185451769578207 0.000431152892167497
132 -0.0866955545579162 0.0191282323243605 0.000460392957263134
133 -0.0841956386805838 0.0197189316137889 0.000491118376318989
134 -0.0816528290643264 0.0203167827737666 0.000523359019992564
135 -0.0790685812459004 0.0209212720372811 0.000557141576725928
136 -0.0764444466215772 0.0215318659162661 0.000592489301659671
137 -0.0737820672955903 0.02214801333846 0.000629421783738426
138 -0.0710831703914437 0.022769147908315 0.000667954734055565
139 -0.068349561875346 0.0233946902711466 0.000708099798262751
140 -0.0655831199464763 0.0240240505584279 0.000749864395580613
141 -0.0627857880533348 0.0246566308912102 0.000793251586615196
142 -0.0599595675990228 0.0252918279181119 0.0008382599718052
143 -0.0571065104008364 0.0259290353641671 0.000884883621905974
144 -0.0542287109710992 0.026567646567055 0.000933112041476281
145 -0.0513282986865962 0.0272070569778313 0.000982930165874474
146 -0.0484074299134242 0.0278466666042447 0.00103431839179835
147 -0.0454682801525337 0.0284858823759787 0.00108725264094739
148 -0.042513036268787 0.0291241204127287 0.00114170445593154
149 -0.0395438888630908 0.0297608081778084 0.0011976411271285
150 -0.0365630248431734 0.0303953865019876 0.00125502584879444
151 -0.0335726202439794 0.031027311464385 0.0013138179023845
152 -0.0305748333435655 0.0316560561194994 0.00137397286472396
153 -0.0275717981149319 0.0322811120617398 0.00143544283842123
154 -0.0245656180485249 0.0329019908211159 0.00149817670170127
155 -0.0215583603743176 0.0335182250860097 0.00156212037469894
156 -0.0185520507065461 0.0341293697511217 0.00162721709914559
157 -0.0155486681284184 0.0347350027907585 0.00169340772836024
158 -0.0125501407285518 0.035334725959547 0.00176063102444979
159 -0.00955834159558061 0.0359281653244293 0.00182882395970385
160 -0.00657508527240219 0.0365149716333572 0.00189792201925754
161 -0.00360212466692189 0.0370948205274989 0.00196785950225109
162 -0.000641148411991199 0.0376674126049427 0.00203856981888823
163 0.00230622133650271 0.0382324733448566 0.00210998578099508
164 0.00523843067768953 0.0387897529018416 0.00218203988391663
165 0.00815399533699934 0.0393390257807872 0.00225466457781598
166 0.0110515016500848 0.0398800904029339 0.0023277925267034
167 0.0139296071806709 0.0404127685740618 0.00240135685376774
168 0.0167870409950424 0.040936904865787 0.00247529137184088
169 0.0196226036169315 0.0414523659208567 0.00254953079807102
170 0.0224351666872101 0.0419590396931272 0.00262401095212661
171 0.0252236723531096 0.0424568346325877 0.00269866893747073
172 0.0279871324116991 0.0429456788253724 0.00277344330546564
173 0.0307246272320832 0.0434255190982207 0.00284827420226208
174 0.0334353044802797 0.0438963200962911 0.00292310349860292
175 0.0361183776700407 0.0443580633426415 0.00299787490283415
176 0.038773124562004 0.0448107462870579 0.00307253405755131
177 0.0413988854325688 0.045254381351275 0.0031470286204337
178 0.043995061232775 0.0456889949769742 0.00322130832991763
179 0.0465611116562888 0.0461146266822959 0.00329532505644325
180 0.0490965531343559 0.0465313281319661 0.00336903284007373
181 0.0516009567743184 0.0469391622255101 0.00344238791533857
182 0.0540739462570175 0.0473382022074368 0.00351534872418002
183 0.0565151957071291 0.0477285308026987 0.0035878759179091
184 0.0589244275492299 0.048110239380205 0.00365993234907808
185 0.0613014103611683 0.0484834271466529 0.00373148305418136
186 0.0636459567351487 0.0488482003724858 0.00380249522807541
187 0.0659579211557895 0.0492046716513502 0.00387293819099455
188 0.0682371979033639 0.0495529591940382 0.00394278334900644
189 0.0704837189894 0.0498931861575409 0.00401200414872527
190 0.0726974521308776 0.0502254800095282 0.00408057602705003
191 0.0748783987683654 0.0505499719282806 0.00414847635667109
192 0.0770265921326208 0.0508667962378537 0.00421568438802689
193 0.0791420953634118 0.051176089878037 0.00428218118836504
194 0.0812249996836295 0.0514779919084808 0.00434794957849816
195 0.0832754226311168 0.0517726430462077 0.0044129740678141
196 0.0852935063500676 0.0520601852355878 0.00447724078804457
197 0.0872794159433271 0.0523407612497521 0.00454073742625505
198 0.0892333378864573 0.0526145143223267 0.00460345315747412
199 0.0911554785040148 0.0528815878083015 0.00466537857733679
200 0.0930460625081208 0.053142124872802 0.00472650563507993
201 0.094905331599071 0.0533962682064898 0.00478682756718429
202 0.0967335431274615 0.053644159766305 0.00484633883192603
203 0.0985309688170409 0.053885940540246 0.00490503504506146
204 0.100297893547311 0.054121750334894 0.00496291291684314
205 0.102034614194694 0.0543517275843945 0.00501997019053146
206 0.103741438530954 0.0545760091796284 0.0050762055825373
207 0.105418684177412 0.0547947303163325 0.00513161872431467
208 0.10706667761343 0.0550080243609616 0.00518621010608677
209 0.108685753237505 0.055216022733117 0.00523998102248247
210 0.110276252479315 0.0554188548034121 0.0052929335201265
211 0.111838522960954 0.055616647805678 0.00534507034722581
212 0.113372917705619 0.0558095267624706 0.00539639490516408
213 0.114879794391951 0.0559976144228718 0.00544691120211449
214 0.116359514652261 0.0561810312116374 0.00549662380866522
215 0.117812443412853 0.0563598951887809 0.00554553781543932
216 0.119238948274686 0.0565343220187392 0.00559365879268586
217 0.120639398932633 0.0567044249483025 0.0056409927518114
218 0.122014166631631 0.0568703147925483 0.0056875461088085
219 0.123363623658025 0.0570320999280544 0.00573332564954315
220 0.124688142864483 0.0571898862927164 0.00577833849684595
221 0.125988097226871 0.057343777391537 0.00582259207936131
222 0.127263859431541 0.057493874307791 0.00586609410209316
223 0.128515801491509 0.0576402757190155 0.00590885251859541
224 0.129744294390084 0.0577830779173121 0.00595087550474449
225 0.130949707750514 0.0579223748334768 0.00599217143403596
226 0.132132409530307 0.0580582580645235 0.00603274885434402
227 0.133292765738908 0.058190816904179 0.00607261646608503
228 0.134431140177476 0.0583201383759809 0.006111783101722
229 0.135547894199548 0.0584463072686209 0.00615025770655397
230 0.136643386491441 0.0585694061732163 0.00618804932072858
231 0.137717972871277 0.0586895155222121 0.0062251670624206
232 0.138772006105562 0.0588067136296447 0.00626162011212283
233 0.13980583574233 0.0589210767325166 0.00629741769799064
234 0.140819807959851 0.0590326790330604 0.00633256908218777
235 0.14181426543002 0.0591415927416843 0.00636708354818344
236 0.142789547195512 0.0592478881204119 0.00640097038894755
237 0.143745988559895 0.0593516335266502 0.00643423889599903
238 0.144683920989892 0.0594528954571305 0.00646689834925718
239 0.145603672029038 0.0595517385918874 0.00649895800765432
240 0.14650556522203 0.0596482258381499 0.0065304271004652
241 0.147389920049065 0.0597424183740385 0.00656131481931149
242 0.148257051869539 0.0598343756919674 0.00659163031080523
243 0.1491072718745 0.0599241556416638 0.00662138266978918
244 0.149940887047255 0.0600118144727337 0.00665058093314264
245 0.150758200131608 0.0600974068766999 0.00667923407411547
246 0.151559509607201 0.0601809860284573 0.00670735099715969
247 0.152345109671453 0.0602626036270957 0.00673494053322798
248 0.153115290227677 0.0603423099360442 0.00676201143550859
249 0.153870336878882 0.0604201538225027 0.00678857237557035
250 0.154610530926906 0.0604961827961282 0.0068146319398914
251 0.155336149376441 0.0605704430469506 0.00684019862674579
252 0.156047464943623 0.0606429794825014 0.00686528084342575
253 0.156744746068818 0.0607138357641323 0.00688988690377712
254 0.15742825693329 0.0607830543425192 0.00691402502602717
255 0.15809825747944 0.0608506764923407 0.00693770333088428
256 0.158755003434335 0.0609167423461243 0.00696092983989222
257 0.159398746336252 0.060981290927262 0.00698371247402108
258 0.160029733563978 0.0610443601821951 0.00700605905247687
259 0.160648208368643 0.0611059870117689 0.00702797729171756
260 0.161254409907844 0.0611662073017666 0.00704947480465801
261 0.161848573281863 0.0612250559526269 0.00707055910005117
262 0.162430929571773 0.0612825669083542 0.00709123758203278
263 0.163001705879257 0.0613387731846323 0.00711151754981798
264 0.163561125367953 0.0613937068961526 0.00713140619753749
265 0.16410940730618 0.0614473992831692 0.00715091061420309
266 0.164646767110881 0.0614998807372942 0.00717003778379355
267 0.165173416392643 0.0615511808265463 0.00718879458544941
268 0.165689563001669 0.0616013283196706 0.00720718779377016
269 0.166195411074569 0.0616503512097397 0.00722522407920428
270 0.166691161081859 0.0616982767370561 0.00724291000852562
271 0.167177009876067 0.0617451314113694 0.00726025204538727
272 0.167653150740328 0.0617909410334264 0.00727725655094796
273 0.168119773437399 0.061835730715867 0.00729392978456361
274 0.168577064258982 0.0618795249034861 0.0073102779045392
275 0.169025206075295 0.0619223473928766 0.00732630696893388
276 0.169464378384808 0.0619642213514668 0.00734202293641639
277 0.169894757364065 0.0620051693359744 0.00735743166716496
278 0.170316515917552 0.0620452133102882 0.00737253892380552
279 0.170729823727524 0.0620843746627944 0.00738735037238814
280 0.171134847303755 0.0621226742231669 0.00740187158339434
281 0.171531750033153 0.0621601322786325 0.00741610803277204
282 0.171920692229194 0.0621967685897279 0.00743006510299848
283 0.172301831181133 0.0622326024055672 0.00744374808416176
284 0.172675321202949 0.0622676524786269 0.00745716217506404
285 0.173041313681996 0.062301937079072 0.00747031248433971
286 0.173399957127316 0.0623354740086307 0.00748320403158992
287 0.173751397217592 0.0623682806140339 0.00749584174852491
288 0.174095776848709 0.0624003738000348 0.00750823048012006
289 0.174433236180902 0.0624317700420182 0.00752037498577685
290 0.174763912685463 0.0624624853982161 0.00753227994049055
291 0.175087941190995 0.0624925355215393 0.00754394993602203
292 0.175405453929177 0.0625219356710397 0.00755538948207157
293 0.175716580580055 0.062550700723013 0.00756660300745404
294 0.176021448316806 0.0625788451817555 0.00757759486127418
295 0.176320181849992 0.0626063831899835 0.00758836931409845
296 0.176612903471285 0.0626333285389308 0.00759893055912753
297 0.176899733096634 0.0626596946781289 0.00760928271336103
298 0.177180788308903 0.0626854947248863 0.00761942981876162
299 0.177456184399937 0.0627107414734719 0.00762937584340972
300 0.177726034412068 0.0627354474040154 0.00763912468265404
301 0.177990449179054 0.0627596246911328 0.00764868016025527
302 0.178249537366445 0.0627832852122857 0.00765804602951969
303 0.178503405511375 0.0628064405558845 0.00766722597442693
304 0.178752158061772 0.0628291020291433 0.00767622361074688
305 0.178995897414998 0.0628512806656943 0.00768504248714802
306 0.179234723955903 0.0628729872329698 0.00769368608629506
307 0.179468736094299 0.0628942322393605 0.0077021578259362
308 0.179698030301866 0.0629150259411564 0.00771046105998152
309 0.179922701148472 0.062935378349279 0.00771859907956679
310 0.180142841337924 0.0629552992358076 0.00772657511410868
311 0.180358541743143 0.0629747981403141 0.0077343923323473
312 0.180569891440777 0.0629938843760043 0.00774205384337651
313 0.18077697774524 0.063012567035678 0.00774956269766314
314 0.180979886242203 0.0630308549975105 0.00775692188805238
315 0.181178700821506 0.0630487569306648 0.00776413435076251
316 0.181373503709544 0.0630662813007348 0.00777120296636524
317 0.181564375501082 0.0630834363750318 0.00777813056075549
318 0.181751395190545 0.0631002302277128 0.00778491990610619
319 0.181934640202754 0.0631166707447615 0.00779157372181172
320 0.182114186423146 0.0631327656288215 0.00779809467541825
321 0.182290108227455 0.0631485224038916 0.00780448538354162
322 0.18246247851088 0.0631639484198853 0.00781074841277002
323 0.182631368716736 0.0631790508570556 0.00781688628055749
324 0.182796848864598 0.0631938367302978 0.00782290145610209
325 0.182958987577941 0.0632083128933245 0.00782879636121059
326 0.183117852111286 0.0632224860427257 0.00783457337115268
327 0.183273508376858 0.0632363627219104 0.00784023481550156
328 0.18342602097076 0.0632499493249387 0.00784578297895988
329 0.183575453198669 0.0632632521002455 0.0078512201021762
330 0.18372186710107 0.0632762771542593 0.0078565483825464
331 0.183865323478018 0.0632890304549201 0.00786176997500376
332 0.18400588191345 0.0633015178350994 0.00786688699279692
333 0.184143600799048 0.0633137449959255 0.0078719015082539
334 0.184278537357655 0.0633257175100168 0.00787681555353614
335 0.184410747666262 0.0633374408246246 0.00788163112137874
336 0.184540286678561 0.0633489202646933 0.00788635016581901
337 0.184667208247073 0.0633601610358327 0.00789097460291432
338 0.184791565144871 0.0633711682272126 0.00789550631144631
339 0.184913409086883 0.0633819468143773 0.00789994713361519
340 0.185032790750797 0.0633925016619847 0.00790429887572097
341 0.185149759797571 0.0634028375264716 0.00790856330883427
342 0.185264364891552 0.0634129590586474 0.00791274216945659
343 0.185376653720215 0.0634228708062181 0.00791683716016733
344 0.185486673013518 0.0634325772162449 0.00792084995026104
345 0.185594468562899 0.0634420826375345 0.00792478217637449
346 0.185700085239897 0.06345139132297 0.00792863544310207
347 0.185803567014423 0.0634605074317779 0.00793241132359956
348 0.185904956972679 0.0634694350317354 0.00793611136018046
349 0.186004297334727 0.0634781781013225 0.0079397370648992
350 0.186101629471724 0.0634867405318165 0.00794328992012477
351 0.186196993922822 0.0634951261293303 0.00794677137910527
352 0.18629043041174 0.0635033386168025 0.0079501828665216
353 0.186381977863016 0.0635113816359324 0.00795352577903197
354 0.186471674417941 0.0635192587490664 0.00795680148580657
355 0.186559557450183 0.0635269734410385 0.00796001132905166
356 0.186645663581111 0.0635345291209586 0.00796315662452673
357 0.186730028694816 0.0635419291239616 0.00796623866205015
358 0.186812687952837 0.063549176712908 0.00796925870599674
359 0.186893675808604 0.0635562750800427 0.00797221799578623
360 0.186973026021593 0.0635632273486129 0.00797511774636289
361 0.187050771671209 0.0635700365744444 0.00797795914866684
362 0.18712694517039 0.0635767057474796 0.00798074337009602
363 0.18720157827895 0.0635832377932756 0.00798347155496015
364 0.187274702116656 0.0635896355744676 0.00798614482492671
365 0.187346347176045 0.0635959018921929 0.00798876427945888
366 0.187416543334998 0.0636020394874833 0.00799133099624405
367 0.187485319869052 0.06360805104262 0.00799384603161635
368 0.187552705463482 0.0636139391824584 0.00799631042097027
369 0.187618728225138 0.0636197064757174 0.00799872517916683
370 0.187683415694045 0.0636253554362401 0.00800109130093207
371 0.187746794854783 0.0636308885242218 0.00800340976124891
372 0.18780889214763 0.0636363081474101 0.00800568151574088
373 0.187869733479494 0.0636416166622736 0.00800790750104896
374 0.18792934423462 0.0636468163751463 0.00801008863520186
375 0.187987749285094 0.0636519095433392 0.00801222581797811
376 0.188044973001128 0.0636568983762311 0.00801431993126356
377 0.188101039261147 0.0636617850363288 0.0080163718393993
378 0.188155971461675 0.0636665716403041 0.00801838238952612
379 0.188209792527023 0.0636712602600069 0.00802035241191978
380 0.188262524918781 0.063675852923452 0.00802228272032174
381 0.188314190645132 0.0636803516157851 0.00802417411226297
382 0.188364811269963 0.0636847582802235 0.0080260273693813
383 0.188414407921812 0.0636890748189776 0.00802784325773409
384 0.188463001302625 0.0636933030941486 0.00802962252810302
385 0.188510611696341 0.0636974449286061 0.00803136591629461
386 0.188557258977311 0.0637015021068447 0.00803307414343502
387 0.188602962618536 0.0637054763758211 0.00803474791625725
388 0.188647741699758 0.0637093694457727 0.00803638792738637
389 0.188691614915374 0.063713182991015 0.00803799485561563
390 0.188734600582198 0.0637169186507228 0.00803956936617967
391 0.188776716647071 0.0637205780296919 0.00804111211102199
392 0.18881798069431 0.0637241626990844 0.00804262372905651
393 0.188858409953017 0.0637276741971559 0.00804410484642515
394 0.188898021304235 0.063731114029967 0.00804555607674956
395 0.188936831287963 0.0637344836720778 0.00804697802137894
396 0.188974856110034 0.063737784567227 0.0080483712696322
397 0.189012111648848 0.0637410181289954 0.00804973639903611
398 0.189048613461974 0.0637441857414546 0.00805107397555804
399 0.189084376792622 0.0637472887598007 0.00805238455383606
400 0.189119416575979 0.0637503285109735 0.00805366867740154
401 0.189153747445423 0.0637533062942624 0.00805492687890008
402 0.189187383738612 0.0637562233818979 0.0080561596803076
403 0.189220339503446 0.0637590810196316 0.00805736759314152
404 0.189252628503914 0.0637618804272987 0.0080585511186676
405 0.189284264225824 0.0637646227993747 0.00805971074810446
406 0.189315259882413 0.0637673093055133 0.00806084696282239
407 0.189345628419848 0.0637699410910763 0.00806196023453942
408 0.189375382522616 0.0637725192776498 0.00806305102551208
409 0.189404534618807 0.06377504496355 0.00806411978872479
410 0.189433096885285 0.0637775192243167 0.00806516696807358
411 0.189461081252764 0.0637799431131969 0.00806619299854622
412 0.189488499410771 0.0637823176616171 0.00806719830640079
413 0.189515362812521 0.0637846438796454 0.00806818330933834
414 0.189541682679685 0.063786922756443 0.00806914841667417
415 0.189567470007063 0.0637891552607072 0.00807009402950365
416 0.189592735567172 0.0637913423411023 0.00807102054086739
417 0.189617489914724 0.0637934849266831 0.00807192833591086
418 0.189641743391036 0.063795583927308 0.00807281779204228
419 0.189665506128329 0.0637976402340441 0.00807368927908614
420 0.189688788053959 0.0637996547195616 0.00807454315943573
421 0.18971159889455 0.0638016282385221 0.00807537978820005
422 0.189733948180052 0.063803561627956 0.00807619951335048
423 0.189755845247709 0.0638054557076339 0.00807700267586298
424 0.189777299245959 0.0638073112804277 0.00807778960985639
425 0.189798319138239 0.0638091291326661 0.00807856064273171
426 0.189818913706732 0.0638109100344806 0.00807931609530482
427 0.189839091556021 0.0638126547401452 0.00808005628193825
428 0.189858861116682 0.0638143639884081 0.00808078151067093
429 0.189878230648798 0.0638160385028161 0.00808149208334374
430 0.189897208245406 0.0638176789920328 0.00808218829572427
431 0.189915801835869 0.0638192861501496 0.00808287043762745
432 0.189934019189187 0.0638208606569899 0.00808353879303597
433 0.189951867917235 0.063822403178406 0.00808419364021573
434 0.18996935547794 0.0638239143665711 0.00808483525183057
435 0.189986489178391 0.063825394860265 0.0080854638950556
436 0.19000327617789 0.0638268452851515 0.00808607983168586
437 0.190019723490935 0.0638282662540526 0.00808668331824369
438 0.190035837990151 0.0638296583672154 0.0080872746060866
439 0.190051626409154 0.0638310222125727 0.00808785394150824
440 0.190067095345363 0.0638323583660002 0.00808842156584172
441 0.190082251262754 0.063833667391567 0.00808897771555805
442 0.190097100494552 0.0638349498417783 0.00808952262236445
443 0.190111649245882 0.0638362062578188 0.00809005651329897
444 0.190125903596353 0.0638374371697852 0.00809057961082471
445 0.190139869502597 0.0638386430969161 0.00809109213292203
446 0.190153552800755 0.0638398245478181 0.00809159429317746
447 0.190166959208915 0.0638409820206853 0.00809208630087277
448 0.190180094329493 0.0638421160035145 0.00809256836107114
449 0.190192963651581 0.0638432269743165 0.00809304067470162
450 0.190205572553229 0.0638443154013236 0.00809350343864257
451 0.190217926303695 0.06384538174319 0.00809395684580283
452 0.190230030065644 0.0638464264491904 0.00809440108520082
453 0.190241888897303 0.0638474499594148 0.00809483634204428
454 0.190253507754573 0.0638484527049563 0.00809526279780515
455 0.190264891493097 0.063849435108098 0.00809568063029559
456 0.19027604487029 0.0638503975824952 0.00809609001374156
457 0.190286972547322 0.0638513405333511 0.00809649111885435
458 0.190297679091066 0.0638522643575938 0.00809688411290155
459 0.190308168976006 0.063853169444045 0.00809726915977693
460 0.190318446586102 0.0638540561735875 0.00809764642006683
461 0.190328516216625 0.063854924919329 0.00809801605111815
462 0.190338382075947 0.0638557760467617 0.00809837820710246
463 0.1903480482873 0.0638566099139192 0.00809873303908093
464 0.190357518890497 0.0638574268715295 0.0080990806950656
465 0.190366797843622 0.0638582272631665 0.00809942132008207
466 0.190375889024677 0.0638590114253959 0.00809975505622862
467 0.190384796233209 0.0638597796879187 0.0081000820427356
468 0.19039352319189 0.0638605323737148 0.00810040241602283
469 0.190402073548078 0.0638612697991777 0.00810071630975695
470 0.190410450875334 0.0638619922742524 0.0081010238549058
471 0.19041865867492 0.0638627001025661 0.00810132517979345
472 0.190426700377259 0.0638633935815591 0.00810162041015344
473 0.190434579343367 0.0638640730026105 0.00810190966918023
474 0.190442298866259 0.063864738651164 0.00810219307758187
475 0.190449862172322 0.0638653908068479 0.00810247075362786
476 0.190457272422666 0.0638660297435953 0.00810274281320067
477 0.190464532714441 0.063866655729761 0.00810300936984215
478 0.190471646082132 0.0638672690282354 0.00810327053480109
479 0.190478615498828 0.0638678698965565 0.00810352641708012
480 0.190485443877463 0.0638684585870193 0.00810377712347998
481 0.19049213407203 0.0638690353467833 0.00810402275864452
482 0.190498688878779 0.0638696004179779 0.00810426342510384
483 0.19050511103738 0.063870154037805 0.00810449922331724
484 0.190511403232071 0.0638706964386403 0.00810473025171499
485 0.190517568092776 0.0638712278481309 0.00810495660673882
486 0.190523608196209 0.0638717484892932 0.00810517838288205
487 0.190529526066942 0.0638722585806072 0.00810539567272939
488 0.190535324178469 0.0638727583361087 0.00810560856699516
489 0.190541004954235 0.0638732479654815 0.00810581715456071
490 0.190546570768645 0.0638737276741445 0.00810602152251183
491 0.190552023948065 0.06387419766334 0.00810622175617454
492 0.190557366771784 0.0638746581302189 0.00810641793915101
493 0.190562601472974 0.0638751092679244 0.00810661015335445
494 0.19056773023962 0.0638755512656731 0.00810679847904228
495 0.190572755215431 0.0638759843088356 0.00810698299485046
496 0.190577678500743 0.0638764085790158 0.00810716377782628
497 0.190582502153389 0.0638768242541259 0.0081073409034591
498 0.190587228189566 0.0638772315084633 0.00810751444571362
499 0.190591858584671 0.063877630512784 0.00810768447705923
500 0.190596395274129 0.063878021434375 0.00810785106850093
501 0.190600840154204 0.063878404437124 0.00810801428960856
502 0.190605195082786 0.06387877968159 0.00810817420854593
503 0.190609461880175 0.0638791473250703 0.00810833089209884
504 0.190613642329832 0.0638795075216679 0.008108484405704
505 0.190617738179134 0.0638798604223552 0.00810863481347457
506 0.190621751140096 0.0638802061750397 0.00810878217822808
507 0.190625682890091 0.0638805449246245 0.00810892656151257
508 0.190629535072552 0.0638808768130706 0.00810906802363137
509 0.190633309297654 0.0638812019794572 0.00810920662366948
510 0.19063700714299 0.0638815205600392 0.00810934241951677
511 0.19064063015423 0.063881832688305 0.00810947546789337
512 0.190644179845766 0.0638821384950348 0.00810960582437242
513 0.190647657701346 0.0638824381083522 0.00810973354340372
514 0.190651065174695 0.0638827316537816 0.00810985867833641
515 0.190654403690117 0.063883019254299 0.00810998128144058
516 0.190657674643098 0.063883301030385 0.00811010140392998
517 0.190660879400884 0.0638835771000748 0.00811021909598275
518 0.190664019303053 0.0638838475790087 0.0081103344067624
519 0.190667095662076 0.0638841125804803 0.00811044738443845
520 0.190670109763866 0.0638843722154845 0.00811055807620675
521 0.190673062868313 0.0638846265927638 0.00811066652830839
522 0.190675956209813 0.0638848758188549 0.00811077278604966
523 0.190678790997781 0.0638851199981331 0.0081108768938209
524 0.19068156841716 0.0638853592328561 0.00811097889511475
525 0.190684289628916 0.0638855936232073 0.0081110788325443
526 0.190686955770517 0.0638858232673384 0.00811117674786077
527 0.190689567956417 0.0638860482614093 0.00811127268197132
528 0.190692127278515 0.0638862686996304 0.00811136667495593
529 0.190694634806618 0.0638864846743011 0.00811145876608405
530 0.190697091588879 0.0638866962758483 0.00811154899383082
531 0.190699498652245 0.0638869035928662 0.00811163739589349
532 0.190701857002878 0.0638871067121513 0.00811172400920673
533 0.190704167626581 0.0638873057187406 0.00811180886995833
534 0.190706431489208 0.0638875006959467 0.0081118920136044
535 0.190708649537065 0.0638876917253927 0.0081119734748839
536 0.190710822697312 0.063887878887047 0.00811205328783304
537 0.190712951878344 0.0638880622592565 0.00811213148579959
538 0.190715037970173 0.0638882419187795 0.00811220810145741
539 0.190717081844803 0.0638884179408183 0.00811228316681895
540 0.190719084356589 0.0638885903990511 0.00811235671324917
541 0.190721046342597 0.0638887593656616 0.00811242877147933
542 0.190722968622956 0.0638889249113705 0.00811249937161818
543 0.190724852001196 0.0638890871054655 0.00811256854316633
544 0.190726697264588 0.0638892460158293 0.00811263631502723
545 0.190728505184468 0.0638894017089685 0.0081127027155195
546 0.190730276516567 0.0638895542500423 0.00811276777238956
547 0.190732012001321 0.0638897037028888 0.00811283151282216
548 0.19073371236418 0.0638898501300525 0.00811289396345255
549 0.190735378315915 0.0638899935928101 0.00811295515037663
550 0.190737010552915 0.0638901341511963 0.0081130150991629
551 0.190738609757473 0.0638902718640296 0.00811307383486259
552 0.190740176598076 0.0638904067889362 0.00811313138202019
553 0.190741711729684 0.063890538982375 0.00811318776468345
554 0.190743215794 0.0638906684996599 0.00811324300641403
555 0.190744689419745 0.0638907953949845 0.00811329713029652
556 0.190746133222912 0.0638909197214448 0.00811335015894921
557 0.190747547807032 0.06389104153106 0.00811340211453226
558 0.190748933763421 0.0638911608747958 0.00811345301875771
559 0.190750291671428 0.0638912778025852 0.00811350289289814
560 0.190751622098678 0.0638913923633492 0.00811355175779632
561 0.19075292560131 0.063891504605018 0.00811359963387315
562 0.190754202724208 0.0638916145745507 0.008113646541136
563 0.190755454001228 0.0638917223179545 0.00811369249918847
564 0.190756679955423 0.0638918278803057 0.00811373752723638
565 0.190757881099262 0.063891931305766 0.00811378164409771
566 0.190759057934842 0.0638920326376033 0.00811382486820983
567 0.190760210954099 0.063892131918209 0.00811386721763652
568 0.190761340639015 0.0638922291891152 0.00811390871007689
569 0.190762447461817 0.0638923244910134 0.00811394936287119
570 0.190763531885174 0.0638924178637699 0.0081139891930096
571 0.190764594362395 0.0638925093464447 0.00811402821713791
572 0.190765635337614 0.0638925989773054 0.00811406645156554
573 0.190766655245977 0.0638926867938451 0.00811410391227196
574 0.190767654513822 0.0638927728327973 0.008114140614913
575 0.190768633558863 0.0638928571301516 0.00811417657482816
576 0.190769592790357 0.0638929397211686 0.00811421180704619
577 0.190770532609282 0.0638930206403944 0.00811424632629243
578 0.190771453408497 0.0638930999216757 0.00811428014699339
579 0.190772355572916 0.0638931775981741 0.00811431328328438
580 0.190773239479659 0.0638932537023784 0.0081143457490146
581 0.190774105498217 0.0638933282661208 0.00811437755775246
582 0.190774953990602 0.0638934013205877 0.00811440872279301
583 0.190775785311499 0.0638934728963347 0.00811443925716138
584 0.190776599808417 0.063893543023298 0.00811446917361913
585 0.190777397821833 0.0638936117308078 0.00811449848467033
586 0.190778179685331 0.0638936790476002 0.00811452720256545
587 0.190778945725746 0.0638937450018299 0.00811455533930705
588 0.190779696263298 0.0638938096210806 0.00811458290665557
589 0.190780431611727 0.0638938729323779 0.00811460991613255
590 0.190781152078424 0.0638939349622 0.0081146363790271
591 0.190781857964558 0.0638939957364888 0.00811466230639946
592 0.190782549565205 0.0638940552806615 0.00811468770908641
593 0.190783227169468 0.0638941136196195 0.00811471259770535
594 0.190783891060601 0.0638941707777612 0.00811473698265885
595 0.190784541516122 0.0638942267789899 0.00811476087413893
596 0.190785178807937 0.0638942816467256 0.00811478428213153
597 0.190785803202446 0.0638943354039134 0.00811480721642044
598 0.190786414960662 0.0638943880730349 0.00811482968659138
599 0.19078701433831 0.0638944396761152 0.00811485170203635
600 0.190787601585945 0.0638944902347343 0.00811487327195692
601 0.190788176949048 0.0638945397700348 0.00811489440536917
602 0.190788740668135 0.0638945883027316 0.00811491511110596
603 0.190789292978851 0.0638946358531198 0.00811493539782193
604 0.190789834112075 0.0638946824410838 0.00811495527399642
605 0.190790364294013 0.0638947280861054 0.00811497474793721
606 0.190790883746292 0.0638947728072717 0.00811499382778391
607 0.190791392686056 0.0638948166232839 0.00811501252151159
608 0.190791891326053 0.0638948595524639 0.00811503083693388
609 0.190792379874724 0.0638949016127629 0.00811504878170632
610 0.190792858536296 0.0638949428217692 0.00811506636332915
611 0.190793327510858 0.0638949831967139 0.00811508358915158
612 0.190793786994454 0.0638950227544803 0.00811510046637376
613 0.190794237179158 0.0638950615116094 0.0081151170020497
614 0.190794678253158 0.0638950994843072 0.00811513320309154
615 0.190795110400832 0.0638951366884518 0.00811514907627087
616 0.190795533802829 0.0638951731396001 0.00811516462822243
617 0.19079594863614 0.0638952088529934 0.00811517986544674
618 0.190796355074176 0.0638952438435651 0.008115194794313
619 0.190796753286836 0.063895278125946 0.00811520942106103
620 0.190797143440585 0.0638953117144703 0.00811522375180496
621 0.190797525698514 0.0638953446231829 0.0081152377925347
622 0.190797900220416 0.0638953768658437 0.0081152515491193
623 0.190798267162851 0.0638954084559342 0.00811526502730875
624 0.19079862667921 0.0638954394066629 0.00811527823273711
625 0.190798978919779 0.0638954697309712 0.0081152911709238
626 0.190799324031802 0.063895499441538 0.00811530384727721
627 0.190799662159546 0.0638955285507865 0.008115316267096
628 0.190799993444355 0.0638955570708871 0.00811532843557139
629 0.190800318024714 0.0638955850137649 0.00811534035778982
630 0.190800636036307 0.0638956123911029 0.00811535203873504
631 0.190800947612069 0.063895639214348 0.00811536348328917
632 0.190801252882247 0.0638956654947155 0.00811537469623635
633 0.190801551974451 0.0638956912431933 0.0081153856822635
634 0.19080184501371 0.0638957164705468 0.00811539644596276
635 0.19080213212252 0.0638957411873239 0.00811540699183333
636 0.1908024134209 0.0638957654038587 0.00811541732428356
637 0.19080268902644 0.0638957891302761 0.00811542744763211
638 0.19080295905435 0.0638958123764966 0.00811543736611098
639 0.190803223617508 0.0638958351522387 0.0081154470838658
640 0.190803482826509 0.0638958574670254 0.0081154566049586
641 0.190803736789707 0.0638958793301864 0.00811546593336943
642 0.190803985613266 0.0638959007508622 0.00811547507299748
643 0.1908042294012 0.0638959217380091 0.00811548402766304
644 0.190804468255419 0.0638959423004014 0.00811549280110957
645 0.19080470227577 0.063895962446636 0.00811550139700418
646 0.190804931560079 0.063895982185136 0.0081155098189396
647 0.190805156204193 0.0638960015241538 0.00811551807043709
648 0.190805376302018 0.0638960204717748 0.00811552615494504
649 0.190805591945562 0.0638960390359206 0.00811553407584353
650 0.190805803224968 0.0638960572243527 0.00811554183644303
651 0.190806010228556 0.0638960750446753 0.00811554943998771
652 0.190806213042861 0.0638960925043387 0.00811555688965593
653 0.190806411752662 0.0638961096106429 0.00811556418856163
654 0.190806606441025 0.0638961263707392 0.00811557133975604
655 0.190806797189337 0.0638961427916347 0.008115578346228
656 0.190806984077333 0.063896158880195 0.00811558521090683
657 0.190807167183138 0.0638961746431457 0.00811559193666156
658 0.190807346583295 0.0638961900870776 0.00811559852630389
659 0.190807522352797 0.0638962052184471 0.00811560498258829
660 0.190807694565122 0.0638962200435802 0.00811561130821359
661 0.190807863292258 0.063896234568675 0.0081156175058239
662 0.190808028604736 0.0638962487998039 0.00811562357800988
663 0.190808190571664 0.0638962627429167 0.00811562952730993
664 0.190808349260745 0.0638962764038424 0.00811563535621068
665 0.190808504738318 0.0638962897882924 0.00811564106714902
666 0.190808657069374 0.0638963029018622 0.00811564666251186
667 0.190808806317594 0.0638963157500341 0.00811565214463839
668 0.190808952545365 0.0638963283381797 0.00811565751582
669 0.190809095813816 0.0638963406715616 0.00811566277830206
670 0.190809236182836 0.0638963527553359 0.00811566793428431
671 0.190809373711102 0.0638963645945546 0.00811567298592214
672 0.190809508456107 0.0638963761941669 0.00811567793532708
673 0.190809640474176 0.0638963875590223 0.00811568278456787
674 0.190809769820496 0.0638963986938722 0.00811568753567199
675 0.190809896549137 0.0638964096033713 0.00811569219062525
676 0.190810020713076 0.0638964202920809 0.00811569675137347
677 0.190810142364216 0.0638964307644693 0.00811570121982319
678 0.19081026155341 0.0638964410249143 0.00811570559784214
679 0.190810378330484 0.0638964510777057 0.00811570988726051
680 0.190810492744251 0.0638964609270465 0.00811571408987144
681 0.190810604842541 0.0638964705770535 0.00811571820743162
682 0.190810714672214 0.0638964800317613 0.00811572224166235
683 0.190810822279181 0.0638964892951228 0.00811572619424972
684 0.190810927708424 0.06389649837101 0.00811573006684596
685 0.190811031004016 0.0638965072632177 0.00811573386107034
686 0.190811132209138 0.063896515975463 0.00811573757850864
687 0.190811231366095 0.0638965245113882 0.00811574122071484
688 0.190811328516338 0.0638965328745617 0.00811574478921151
689 0.190811423700478 0.06389654106848 0.00811574828549011
690 0.190811516958305 0.0638965490965683 0.00811575171101253
691 0.190811608328803 0.0638965569621828 0.0081157550672103
692 0.190811697850167 0.0638965646686118 0.00811575835548661
693 0.190811785559819 0.0638965722190769 0.00811576157721594
694 0.190811871494425 0.0638965796167348 0.00811576473374509
695 0.190811955689907 0.0638965868646779 0.00811576782639345
696 0.190812038181462 0.0638965939659362 0.00811577085645415
697 0.190812119003572 0.0638966009234782 0.00811577382519324
698 0.190812198190024 0.0638966077402131 0.00811577673385222
699 0.19081227577392 0.0638966144189901 0.00811577958364684
700 0.190812351787692 0.0638966209626012 0.00811578237576815
701 0.190812426263115 0.0638966273737823 0.00811578511138339
702 0.190812499231323 0.0638966336552132 0.00811578779163619
703 0.190812570722818 0.0638966398095203 0.0081157904176471
704 0.190812640767485 0.0638966458392759 0.00811579299051368
705 0.190812709394605 0.0638966517470008 0.00811579551131136
706 0.190812776632866 0.0638966575351651 0.00811579798109385
707 0.190812842510375 0.063896663206188 0.00811580040089388
708 0.190812907054671 0.0638966687624406 0.00811580277172275
709 0.190812970292735 0.0638966742062456 0.00811580509457155
710 0.190813032251003 0.0638966795398785 0.00811580737041129
711 0.190813092955373 0.0638966847655694 0.0081158096001932
712 0.190813152431223 0.0638966898855025 0.00811581178484955
713 0.190813210703416 0.0638966949018183 0.00811581392529359
714 0.190813267796309 0.0638966998166137 0.00811581602241984
715 0.19081332373377 0.0638967046319437 0.00811581807710537
716 0.190813378539183 0.0638967093498208 0.00811582009020867
717 0.190813432235456 0.0638967139722177 0.00811582206257144
718 0.190813484845037 0.0638967185010664 0.00811582399501809
719 0.190813536389918 0.0638967229382604 0.00811582588835652
720 0.190813586891645 0.0638967272856546 0.00811582774337827
721 0.190813636371331 0.063896731545066 0.00811582956085838
722 0.190813684849659 0.0638967357182759 0.00811583134155708
723 0.190813732346894 0.0638967398070281 0.00811583308621833
724 0.190813778882891 0.0638967438130327 0.00811583479557176
725 0.190813824477104 0.0638967477379637 0.00811583647033198
726 0.190813869148591 0.0638967515834621 0.0081158381111987
727 0.190813912916028 0.0638967553511353 0.00811583971885815
728 0.19081395579771 0.0638967590425589 0.00811584129398213
729 0.190813997811562 0.0638967626592754 0.00811584283722944
730 0.190814038975149 0.0638967662027969 0.00811584434924473
731 0.190814079305676 0.0638967696746051 0.00811584583066044
732 0.190814118820004 0.0638967730761507 0.00811584728209558
733 0.19081415753465 0.0638967764088562 0.0081158487041571
734 0.190814195465797 0.0638967796741147 0.00811585009743931
735 0.190814232629304 0.063896782873291 0.00811585146252453
736 0.190814269040704 0.0638967860077229 0.00811585279998372
737 0.190814304715219 0.0638967890787201 0.00811585411037585
738 0.190814339667761 0.0638967920875668 0.00811585539424847
739 0.190814373912942 0.0638967950355208 0.00811585665213854
740 0.190814407465078 0.0638967979238143 0.00811585788457164
741 0.190814440338193 0.0638968007536546 0.00811585909206325
742 0.190814472546029 0.0638968035262251 0.00811586027511801
743 0.190814504102051 0.0638968062426847 0.00811586143423032
744 0.19081453501945 0.0638968089041685 0.00811586256988495
745 0.190814565311149 0.0638968115117897 0.00811586368255646
746 0.190814594989813 0.0638968140666378 0.00811586477270998
747 0.190814624067846 0.0638968165697817 0.00811586584080132
748 0.190814652557405 0.0638968190222668 0.00811586688727678
749 0.1908146804704 0.0638968214251189 0.00811586791257413
750 0.190814707818497 0.0638968237793424 0.00811586891712179
751 0.19081473461313 0.0638968260859213 0.0081158699013395
752 0.1908147608655 0.0638968283458201 0.00811587086563914
753 0.19081478658658 0.0638968305599833 0.0081158718104235
754 0.190814811787123 0.0638968327293366 0.00811587273608744
755 0.190814836477663 0.0638968348547865 0.00811587364301802
756 0.190814860668523 0.063896836937222 0.00811587453159446
757 0.190814884369812 0.0638968389775134 0.00811587540218811
758 0.190814907591441 0.0638968409765137 0.00811587625516286
759 0.190814930343117 0.0638968429350585 0.00811587709087536
760 0.190814952634349 0.0638968448539665 0.00811587790967505
761 0.190814974474456 0.06389684673404 0.00811587871190406
762 0.190814995872568 0.0638968485760648 0.00811587949789766
763 0.19081501683763 0.063896850380811 0.00811588026798465
764 0.190815037378407 0.0638968521490326 0.00811588102248673
765 0.190815057503483 0.0638968538814697 0.00811588176171935
766 0.190815077221274 0.0638968555788457 0.0081158824859916
767 0.19081509654002 0.0638968572418707 0.00811588319560619
768 0.190815115467798 0.0638968588712395 0.00811588389085993
769 0.19081513401252 0.0638968604676334 0.00811588457204337
770 0.190815152181938 0.0638968620317196 0.00811588523944096
771 0.190815169983648 0.0638968635641521 0.0081158858933319
772 0.19081518742509 0.0638968650655716 0.00811588653398976
773 0.190815204513557 0.0638968665366056 0.00811588716168193
774 0.190815221256192 0.063896867977869 0.00811588777667127
775 0.190815237659993 0.0638968693899642 0.00811588837921451
776 0.190815253731818 0.0638968707734817 0.00811588896956361
777 0.190815269478385 0.063896872129 0.00811588954796549
778 0.190815284906277 0.0638968734570855 0.00811589011466163
779 0.190815300021942 0.063896874758293 0.00811589066988927
780 0.1908153148317 0.0638968760331675 0.0081158912138804
781 0.190815329341742 0.063896877282241 0.00811589174686211
782 0.190815343558133 0.063896878506036 0.00811589226905773
783 0.190815357486816 0.0638968797050641 0.00811589278068509
784 0.190815371133613 0.0638968808798265 0.00811589328195839
785 0.19081538450423 0.0638968820308142 0.00811589377308686
786 0.190815397604255 0.0638968831585083 0.00811589425427628
787 0.190815410439166 0.0638968842633805 0.00811589472572743
788 0.190815423014326 0.0638968853458922 0.0081158951876375
789 0.190815435334993 0.0638968864064967 0.00811589564019932
790 0.190815447406317 0.0638968874456363 0.00811589608360247
791 0.190815459233344 0.0638968884637464 0.00811589651803213
792 0.190815470821019 0.063896889461252 0.00811589694366988
793 0.190815482174185 0.0638968904385704 0.00811589736069362
794 0.190815493297589 0.06389689139611 0.00811589776927801
795 0.190815504195879 0.0638968923342709 0.00811589816959346
796 0.190815514873613 0.0638968932534456 0.00811589856180717
797 0.190815525335253 0.0638968941540182 0.0081158989460835
798 0.190815535585172 0.0638968950363653 0.00811589932258294
799 0.190815545627657 0.0638968959008555 0.00811589969146276
800 0.190815555466904 0.0638968967478503 0.00811590005287754
801 0.190815565107026 0.0638968975777037 0.00811590040697818
802 0.190815574552054 0.0638968983907628 0.00811590075391233
803 0.190815583805936 0.0638968991873674 0.00811590109382543
804 0.190815592872539 0.0638968999678505 0.00811590142685947
805 0.190815601755655 0.0638969007325381 0.00811590175315352
806 0.190815610458997 0.0638969014817504 0.00811590207284418
807 0.190815618986202 0.0638969022158001 0.00811590238606508
808 0.190815627340835 0.0638969029349941 0.00811590269294699
809 0.19081563552639 0.0638969036396335 0.00811590299361831
810 0.190815643546287 0.0638969043300123 0.00811590328820494
811 0.19081565140388 0.0638969050064197 0.00811590357682956
812 0.190815659102452 0.0638969056691377 0.00811590385961303
813 0.190815666645222 0.063896906318444 0.00811590413667362
814 0.190815674035343 0.0638969069546096 0.00811590440812721
815 0.190815681275905 0.0638969075779008 0.00811590467408707
816 0.190815688369934 0.0638969081885779 0.00811590493466485
817 0.190815695320396 0.063896908786896 0.00811590518996885
818 0.190815702130196 0.0638969093731058 0.00811590544010593
819 0.190815708802181 0.0638969099474518 0.00811590568518106
820 0.19081571533914 0.0638969105101743 0.00811590592529632
821 0.190815721743805 0.0638969110615086 0.00811590616055213
822 0.190815728018854 0.0638969116016851 0.00811590639104687
823 0.19081573416691 0.0638969121309297 0.008115906616877
824 0.190815740190543 0.0638969126494635 0.0081159068381369
825 0.190815746092271 0.0638969131575032 0.00811590705491883
826 0.190815751874562 0.0638969136552614 0.0081159072673137
827 0.190815757539831 0.0638969141429461 0.00811590747541019
828 0.190815763090449 0.0638969146207611 0.0081159076792951
829 0.190815768528734 0.0638969150889062 0.00811590787905403
830 0.190815773856961 0.0638969155475771 0.00811590807477014
831 0.190815779077356 0.0638969159969655 0.00811590826652542
832 0.190815784192102 0.0638969164372591 0.00811590845440013
833 0.190815789203336 0.0638969168686425 0.00811590863847256
834 0.190815794113155 0.0638969172912952 0.00811590881881974
835 0.19081579892361 0.0638969177053947 0.00811590899551728
836 0.190815803636712 0.0638969181111135 0.00811590916863869
837 0.190815808254431 0.0638969185086216 0.0081159093382564
838 0.190815812778698 0.063896918898085 0.00811590950444174
839 0.190815817211404 0.0638969192796663 0.00811590966726372
840 0.190815821554402 0.0638969196535256 0.00811590982679034
841 0.190815825809507 0.0638969200198186 0.00811590998308886
842 0.190815829978499 0.0638969203786986 0.00811591013622404
843 0.190815834063119 0.0638969207303158 0.00811591028626019
844 0.190815838065076 0.063896921074817 0.00811591043325988
845 0.190815841986042 0.0638969214123464 0.00811591057728461
846 0.190815845827657 0.0638969217430447 0.00811591071839463
847 0.190815849591525 0.0638969220670504 0.00811591085664887
848 0.190815853279222 0.0638969223844991 0.00811591099210529
849 0.190815856892288 0.0638969226955235 0.00811591112482019
850 0.190815860432233 0.0638969230002531 0.00811591125484934
851 0.190815863900538 0.0638969232988159 0.00811591138224688
852 0.190815867298652 0.0638969235913364 0.00811591150706648
853 0.190815870627996 0.0638969238779368 0.00811591162935965
854 0.190815873889961 0.063896924158737 0.00811591174917814
855 0.190815877085911 0.0638969244338547 0.00811591186657157
856 0.190815880217182 0.0638969247034042 0.00811591198158923
857 0.190815883285084 0.063896924967499 0.00811591209427931
858 0.190815886290898 0.0638969252262491 0.00811591220468882
859 0.190815889235881 0.0638969254797626 0.00811591231286368
860 0.190815892121264 0.0638969257281454 0.00811591241884962
861 0.190815894948254 0.0638969259715016 0.00811591252269045
862 0.190815897718031 0.063896926209933 0.00811591262442979
863 0.190815900431755 0.0638969264435387 0.00811591272411011
864 0.190815903090558 0.0638969266724169 0.0081159128217731
865 0.190815905695554 0.063896926896663 0.00811591291745989
866 0.19081590824783 0.0638969271163712 0.00811591301121001
867 0.190815910748453 0.0638969273316327 0.0081159131030627
868 0.19081591319847 0.063896927542538 0.00811591319305666
869 0.190815915598904 0.063896927749175 0.00811591328122929
870 0.190815917950758 0.0638969279516299 0.00811591336761758
871 0.190815920255017 0.0638969281499876 0.00811591345225748
872 0.190815922512642 0.0638969283443312 0.00811591353518437
873 0.190815924724577 0.0638969285347417 0.00811591361643327
874 0.190815926891748 0.0638969287212985 0.0081159136960377
875 0.190815929015061 0.0638969289040801 0.0081159137740312
876 0.190815931095402 0.0638969290831625 0.00811591385044608
877 0.190815933133642 0.0638969292586205 0.00811591392531474
878 0.190815935130632 0.0638969294305277 0.00811591399866801
879 0.190815937087208 0.0638969295989559 0.0081159140705368
880 0.190815939004187 0.0638969297639755 0.00811591414095125
881 0.190815940882371 0.0638969299256556 0.00811591420994062
882 0.190815942722544 0.0638969300840633 0.00811591427753378
883 0.190815944525477 0.0638969302392655 0.00811591434375908
884 0.190815946291922 0.0638969303913267 0.00811591440864412
885 0.190815948022618 0.0638969305403103 0.00811591447221599
886 0.190815949718289 0.0638969306862792 0.00811591453450133
887 0.190815951379643 0.0638969308292936 0.00811591459552607
888 0.190815953007375 0.063896930969414 0.00811591465531586
889 0.190815954602166 0.0638969311066985 0.00811591471389561
890 0.190815956164681 0.0638969312412047 0.00811591477128998
891 0.190815957695575 0.063896931372989 0.00811591482752266
892 0.190815959195486 0.063896931502106 0.00811591488261726
893 0.190815960665043 0.06389693162861 0.00811591493659714
894 0.190815962104859 0.063896931752554 0.00811591498948439
895 0.190815963515537 0.0638969318739894 0.00811591504130116
896 0.190815964897666 0.0638969319929675 0.0081159150920696
897 0.190815966251823 0.0638969321095376 0.00811591514181054
898 0.190815967578575 0.0638969322237486 0.00811591519054466
899 0.190815968878477 0.0638969323356481 0.00811591523829264
900 0.190815970152072 0.0638969324452833 0.00811591528507416
901 0.190815971399892 0.0638969325526995 0.00811591533090916
902 0.190815972622459 0.0638969326579421 0.00811591537581657
903 0.190815973820283 0.0638969327610546 0.00811591541981493
904 0.190815974993867 0.0638969328620803 0.00811591546292295
905 0.1908159761437 0.0638969329610615 0.00811591550515856
906 0.190815977270263 0.0638969330580394 0.00811591554653945
907 0.190815978374026 0.063896933153055 0.0081159155870828
908 0.190815979455452 0.0638969332461477 0.00811591562680569
909 0.190815980514993 0.063896933337356 0.00811591566572467
910 0.19081598155309 0.0638969334267186 0.00811591570385595
911 0.190815982570179 0.063896933514273 0.00811591574121567
912 0.190815983566684 0.0638969336000553 0.00811591577781917
913 0.190815984543023 0.0638969336841014 0.00811591581368204
914 0.190815985499602 0.0638969337664467 0.00811591584881921
915 0.190815986436822 0.0638969338471256 0.00811591588324512
916 0.190815987355075 0.0638969339261718 0.0081159159169743
917 0.190815988254745 0.063896934003618 0.00811591595002092
918 0.190815989136207 0.0638969340794971 0.00811591598239891
919 0.190815989999831 0.0638969341538406 0.00811591601412143
920 0.190815990845976 0.0638969342266793 0.00811591604520201
921 0.190815991674998 0.0638969342980442 0.00811591607565365
922 0.190815992487241 0.0638969343679647 0.00811591610548901
923 0.190815993283048 0.06389693443647 0.0081159161347204
924 0.190815994062748 0.0638969345035891 0.00811591616336038
925 0.19081599482667 0.06389693456935 0.00811591619142071
926 0.190815995575131 0.0638969346337797 0.00811591621891317
927 0.190815996308445 0.0638969346969057 0.00811591624584918
928 0.190815997026918 0.0638969347587542 0.00811591627224023
929 0.190815997730851 0.063896934819351 0.00811591629809705
930 0.190815998420538 0.0638969348787213 0.00811591632343045
931 0.190815999096267 0.0638969349368902 0.00811591634825154
932 0.190815999758322 0.0638969349938819 0.00811591637257003
933 0.190816000406977 0.0638969350497203 0.0081159163963963
934 0.190816001042505 0.0638969351044283 0.00811591641974052
935 0.190816001665172 0.0638969351580296 0.00811591644261228
936 0.190816002275237 0.0638969352105457 0.0081159164650213
937 0.190816002872956 0.0638969352619994 0.00811591648697663
938 0.190816003458578 0.0638969353124115 0.00811591650848781
939 0.190816004032349 0.0638969353618036 0.00811591652956345
940 0.190816004594507 0.063896935410196 0.00811591655021271
941 0.190816005145289 0.063896935457609 0.00811591657044386
942 0.190816005684925 0.0638969355040623 0.00811591659026578
943 0.190816006213639 0.0638969355495758 0.00811591660968647
944 0.190816006731653 0.0638969355941681 0.00811591662871425
945 0.190816007239184 0.0638969356378578 0.00811591664735678
946 0.190816007736444 0.0638969356806636 0.00811591666562206
947 0.19081600822364 0.0638969357226029 0.0081159166835178
948 0.190816008700976 0.0638969357636935 0.00811591670105133
949 0.190816009168653 0.0638969358039525 0.00811591671822987
950 0.190816009626864 0.0638969358433969 0.00811591673506085
951 0.190816010075802 0.0638969358820429 0.00811591675155143
952 0.190816010515655 0.0638969359199067 0.00811591676770795
953 0.190816010946606 0.0638969359570044 0.00811591678353768
954 0.190816011368836 0.0638969359933512 0.00811591679904716
955 0.19081601178252 0.0638969360289624 0.00811591681424245
956 0.190816012187833 0.063896936063853 0.00811591682913043
957 0.190816012584943 0.0638969360980376 0.00811591684371699
958 0.190816012974016 0.0638969361315301 0.00811591685800855
959 0.190816013355215 0.0638969361643451 0.00811591687201063
960 0.1908160137287 0.0638969361964958 0.00811591688572955
961 0.190816014094626 0.0638969362279959 0.00811591689917057
962 0.190816014453147 0.0638969362588583 0.0081159169123397
963 0.190816014804412 0.0638969362890964 0.0081159169252425
964 0.190816015148568 0.0638969363187224 0.00811591693788405
965 0.19081601548576 0.0638969363477489 0.00811591695026981
966 0.190816015816127 0.0638969363761879 0.00811591696240488
967 0.190816016139808 0.0638969364040514 0.00811591697429426
968 0.190816016456939 0.0638969364313509 0.00811591698594305
969 0.190816016767652 0.0638969364580983 0.00811591699735625
970 0.190816017072076 0.0638969364843041 0.00811591700853831
971 0.19081601737034 0.0638969365099795 0.0081159170194941
972 0.190816017662568 0.0638969365351352 0.00811591703022818
973 0.190816017948881 0.0638969365597822 0.0081159170407451
974 0.190816018229401 0.0638969365839301 0.00811591705104908
975 0.190816018504243 0.0638969366075893 0.00811591706114462
976 0.190816018773523 0.0638969366307698 0.00811591707103587
977 0.190816019037353 0.0638969366534812 0.00811591708072662
978 0.190816019295844 0.0638969366757329 0.00811591709022164
979 0.190816019549104 0.0638969366975342 0.00811591709952431
980 0.190816019797238 0.0638969367188944 0.00811591710863885
981 0.190816020040351 0.0638969367398222 0.00811591711756876
982 0.190816020278543 0.0638969367603266 0.00811591712631804
983 0.190816020511915 0.063896936780416 0.00811591713489035
984 0.190816020740564 0.0638969368000988 0.00811591714328902
985 0.190816020964586 0.0638969368193834 0.00811591715151783
986 0.190816021184074 0.0638969368382776 0.00811591715957999
987 0.19081602139912 0.0638969368567894 0.00811591716747917
988 0.190816021609814 0.0638969368749266 0.00811591717521831
989 0.190816021816244 0.0638969368926967 0.00811591718280091
990 0.190816022018496 0.0638969369101073 0.00811591719022997
991 0.190816022216656 0.0638969369271653 0.00811591719750882
992 0.190816022410805 0.0638969369438784 0.00811591720464028
993 0.190816022601025 0.0638969369602533 0.00811591721162741
994 0.190816022787395 0.0638969369762964 0.00811591721847321
995 0.190816022969993 0.0638969369920152 0.0081159172251804
996 0.190816023148896 0.0638969370074156 0.00811591723175176
997 0.190816023324179 0.0638969370225044 0.00811591723819038
998 0.190816023495914 0.0638969370372879 0.00811591724449845
999 0.190816023664174 0.0638969370517722 0.00811591725067895
1000 0.190816023829028 0.0638969370659634 0.0081159172567345
