"G" "X" "Y" "O" "A" "D"
1 0.499752497524975 0.5 0.00024750247502475 0.58113883008419 0.0004950049500495
2 0.499804956173976 0.499754134380844 0.000440951374198758 0.581138580175298 0.000377152463230835
3 0.499807533834406 0.499558218176694 0.00063434337013383 0.581146579301362 0.000357013047282741
4 0.499799120603538 0.499361066482445 0.000839967531712909 0.581152936990611 0.000358559714376561
5 0.499787481645626 0.49915209539186 0.00106064230613209 0.58115642360587 0.000365406576742745
6 0.499774312597206 0.498928411529471 0.00129756536664387 0.581159429737853 0.000374015023274786
7 0.49975996813938 0.49868860623844 0.0015517907862015 0.581162336489671 0.000383623954629634
8 0.499744496201158 0.498431493935384 0.00182445643308116 0.581165240815572 0.000394075392118895
9 0.499727869304103 0.498155869017261 0.00211679568587526 0.58116817268469 0.00040534362323391
10 0.499710038059537 0.497860463872158 0.00243012590202507 0.581171149507079 0.000417433005844479
11 0.499690944292627 0.497543942452664 0.00276584170539459 0.581174186650328 0.000430355740716965
12 0.499670524523489 0.497204898353538 0.00312541341870069 0.581177299275401 0.000444127026922398
13 0.499648710947472 0.496841852584001 0.00351038830612806 0.581180502519628 0.00045876400141299
14 0.499625431687969 0.49645325076172 0.00392239312422255 0.581183811453784 0.000474285502910606
15 0.499600610809168 0.49603745997667 0.0043631372444352 0.581187241051106 0.000490712015423792
16 0.499574168240719 0.495592765503742 0.0048344160158443 0.581190806184591 0.000508065651142469
17 0.499546019667962 0.495117367457752 0.00533811422041602 0.58119452163955 0.000526370142301389
18 0.499516076408669 0.494609377440292 0.00587620955017761 0.581198402131035 0.000545650835403152
19 0.499484245285276 0.494066815210067 0.00645077606556422 0.581202462320442 0.000565934686263869
20 0.499450428496916 0.493487605403104 0.00706398760416584 0.581206716828436 0.000587250255371503
21 0.499414523493775 0.492869574329328 0.00771812111080961 0.581211180242733 0.000609627703219229
22 0.499376422855648 0.492210446874397 0.00841555985818874 0.581215867119846 0.000633098785278179
23 0.49933601417638 0.491507843539075 0.00915879652403792 0.581220791980169 0.000657696846248011
24 0.499293179955951 0.490759277652306 0.00995043608691799 0.581225969295777 0.000683456813196274
25 0.499247797502071 0.489962152798428 0.0107931984983027 0.581231413470391 0.000710415187172218
26 0.499199738843344 0.489113760503434 0.0116899210839677 0.581237138810826 0.000738610032856869
27 0.499148870656229 0.488211278230005 0.0126435606227162 0.581243159489265 0.000768080965788405
28 0.499095054208275 0.487251767736012 0.0136571950452606 0.581249489495597 0.000798869136679611
29 0.499038145320283 0.486232173856395 0.0147340246906551 0.581256142579024 0.000831017212322614
30 0.498977994350323 0.485149323773726 0.0158773730520649 0.581263132178077 0.00086456935255534
31 0.498914446202708 0.483999926848226 0.0170906869379277 0.581270471338134 0.000899571182744526
32 0.498847340365323 0.482780575083594 0.0183775359687654 0.581278172615486 0.000936069761222322
33 0.49877651097888 0.481487744310553 0.019741611324126 0.581286247966965 0.000974113541097959
34 0.498701786941936 0.480117796175436 0.0211867236484725 0.581294708624103 0.00101375232585345
35 0.498622992055702 0.478666981026373 0.0227168000194053 0.581303564950804 0.00105503721812373
36 0.498539945212867 0.477131441794476 0.0243358798765447 0.581312826283466 0.00109802056105757
37 0.49845246063486 0.475507218971806 0.0260481098048784 0.58132250075256 0.00114275587165777
38 0.498360348162062 0.473790256791516 0.0278577370625727 0.581332595084656 0.00118929776550745
39 0.49826341360164 0.471976410718398 0.0297691017403696 0.581343114383992 0.00123770187230625
40 0.498161459137684 0.47006145635967 0.031786627437988 0.581354061892742 0.00128802474166582
41 0.49805428380832 0.468041099906153 0.0339148103426602 0.581365438729291 0.00134032373865073
42 0.497941684054427 0.46591099021265 0.0361582065963674 0.581377243603964 0.00139465692859843
43 0.497823454344358 0.463666732623042 0.0385214178417799 0.581389472511882 0.00145108295081376
44 0.497699387878851 0.461303904640124 0.0410090748426889 0.581402118402847 0.00150966088080829
45 0.49756927737992 0.458818073532114 0.0436258190831668 0.581415170828497 0.00157045008084623
46 0.497432915966997 0.456204815956837 0.046376282261153 0.581428615567287 0.00163351003866587
47 0.497290098122986 0.453459739670406 0.0492650636069551 0.581442434228314 0.00169890019437039
48 0.497140620752086 0.450578507369595 0.0522967049756124 0.581456603835456 0.00176667975562485
49 0.496984284330272 0.447556862695647 0.0554756636844551 0.581471096393835 0.00183690750145718
50 0.496820894148232 0.444390658401818 0.0588062830937668 0.581485878441253 0.00190964157514037
51 0.496650261645232 0.441075886657373 0.0622927609593775 0.581500910587866 0.00198493926682986
52 0.496472205830908 0.437608711426828 0.0659391156213784 0.581516147048133 0.00206285678684348
53 0.496286554790347 0.433985502825159 0.0697491501329417 0.581531535169812 0.00214344903069902
54 0.496093147265948 0.430202873307444 0.0737264144772906 0.581547014965609 0.00222676933726485
55 0.495891834307626 0.426257715505364 0.0778741660689172 0.581562518653926 0.00231286924162736
56 0.49568248098075 0.422147241473562 0.0821953287867009 0.581577970215992 0.00240179822453322
57 0.495464968119004 0.41786902305671 0.0866924508409876 0.581593284977525 0.00249360346051738
58 0.495239194107066 0.41342103303406 0.0913676618330724 0.581608369223863 0.00258832956707591
59 0.495005076675643 0.408801686643315 0.0962226294227971 0.581623119858261 0.00268601835747764
60 0.494762554689135 0.404009883031151 0.101258516076836 0.581637424113715 0.0027867086000246
61 0.494511589903989 0.399045046124986 0.106475936425151 0.581651159329186 0.00289043578675971
62 0.494252168673728 0.393907164371412 0.11187491580437 0.581664192801479 0.00299723191477325
63 0.4939843035749 0.388596828742774 0.117454850612582 0.581676381724214 0.00310712528336914
64 0.493708034926633 0.383115268376688 0.123214471138232 0.581687573225221 0.00322014031041016
65 0.493423432175472 0.377464383185736 0.129151807554437 0.581697604513393 0.00333629737115926
66 0.493130595116513 0.371646772758238 0.135264159787007 0.58170630314536 0.0034556126628668
67 0.492829654921881 0.365665760867631 0.141548071967818 0.581713487421385 0.00357809809821363
68 0.492520774948152 0.359525414919425 0.14799931217319 0.581718966918549 0.00370376123050475
69 0.492204151295646 0.353230559692242 0.154612858118023 0.581722543167613 0.00383260521321432
70 0.491880013094529 0.34678678477429 0.161382889429632 0.581724010477912 0.00396462879611163
71 0.491548622495454 0.340200445159199 0.168302787059777 0.581723156912223 0.00409982635975058
72 0.491210274345989 0.333478654545655 0.175365140309361 0.581719765410884 0.00423818798958826
73 0.490865295538373 0.326629270983002 0.182561761838248 0.581713615061467 0.00437969959041995
74 0.490514044019004 0.31966087461873 0.189883710913911 0.581704482507104 0.00452434304118772
75 0.490156907455622 0.312582737431634 0.197321325019297 0.58169214348332 0.00467209638955309
76 0.489794301564068 0.305404784973646 0.204864259794958 0.581676374469815 0.00482293408493499
77 0.489426668102808 0.298137550290875 0.212501537136748 0.581656954440375 0.00497682724802108
78 0.48905447254986 0.290792120346218 0.220221601112005 0.581633666690949 0.00513374397408137
79 0.488678201483161 0.283380075417929 0.228012381198626 0.58160630072305 0.00529364966676748
80 0.488298359691657 0.27591342209632 0.235861362197453 0.581574654157149 0.00545650739848793
81 0.487915467050186 0.268404520639513 0.243755660023732 0.581538534648724 0.00562227829292687
82 0.487530055196467 0.260866007574673 0.251682102452658 0.581497761778172 0.00579092192483736
83 0.487142664052935 0.253310714538979 0.259627313781707 0.581452168884996 0.00596239673190406
84 0.486753838239741 0.245751584441238 0.267577802282222 0.581401604816578 0.00613666043324438
85 0.48636412342769 0.238201586087375 0.275520049247867 0.581345935562483 0.00631367044900865
86 0.485974062681317 0.230673628448921 0.283440598410299 0.581285045746605 0.00649338431555203
87 0.485584192842444 0.223180475761766 0.291326144484063 0.581218839951545 0.00667576009078155
88 0.485195041003641 0.215734664622538 0.299163619623551 0.581147243852372 0.00686075674452717
89 0.484807121118834 0.208348424202832 0.306940276624222 0.581070205140262 0.00704833452913599
90 0.484420930795138 0.20103360062871 0.314643767776215 0.58098769422033 0.00723845532593225
91 0.484036948305853 0.19380158647713 0.322262218378483 0.58089970467225 0.00743108296370783
92 0.483655629859563 0.18666325622545 0.329784294042057 0.58080625346668 0.0076261835059912
93 0.483277407154704 0.179628908358906 0.337199261047925 0.580707380935181 0.00782372550446988
94 0.482902685242882 0.17270821469826 0.34449703917388 0.580603150495853 0.00802368021659329
95 0.482531840717887 0.165910177360183 0.351668246560635 0.580493648141435 0.00822602178604127
96 0.482165220240931 0.159243093610949 0.358704236346019 0.580378981700724 0.00843072738539136
97 0.481803139406311 0.152714528724041 0.365597124952366 0.580259279888034 0.00863777732093925
98 0.48144588194567 0.146331296808311 0.372339812062281 0.580134691158708 0.00884715510020767
99 0.481093699263374 0.140099449438938 0.378925992458024 0.580005382391536 0.00905884746320838
100 0.480746810290451 0.134024271801652 0.385350160026676 0.579871537421103 0.0092728443789907
101 0.480405401640076 0.128110285953686 0.391607604344752 0.579733355444703 0.00948913900941212
102 0.480069628043797 0.122361260714482 0.397694400350118 0.579591049329439 0.00970772764239835
103 0.47973961304472 0.116780227626206 0.403607391685158 0.579444843845484 0.00992860959722073
104 0.47941544992155 0.111369502368879 0.409344168352609 0.579294973851289 0.0101517871045088
105 0.479097202815854 0.106130710977238 0.414903039364806 0.579141682455809 0.0103772651638392
106 0.478784908034082 0.101064820185418 0.420283001088885 0.578985219181622 0.0106050513818006
107 0.478478575495646 0.0961721712200807 0.425483701996248 0.578825838151272 0.0108351557934397
108 0.47817819029877 0.0914525163710153 0.430505404515723 0.578663796317245 0.0110675906699433
109 0.477883714376695 0.0869050576889782 0.435348944668308 0.578499351753868 0.0113023703153216
110 0.477595088218139 0.0825284871914301 0.440015690129103 0.57833276202713 0.0115395108547315
111 0.477312232627573 0.0783210279961642 0.444507497321074 0.578164282656004 0.0117790300169232
112 0.47703505050279 0.0742804758485009 0.448826668097669 0.57799416567641 0.0120209469131134
113 0.476763428609369 0.0704042405579738 0.452975906518918 0.577822658316604 0.0122652818144009
114 0.476497239333844 0.0666893869135006 0.456958276170352 0.577650001790384 0.0125120559296341
115 0.476236342399667 0.0631326747003823 0.460777158417443 0.577476430212341 0.0127612911854374
116 0.475980586532349 0.059730597496726 0.464436211931698 0.577302169637322 0.0130130100098977
117 0.475729811062339 0.0564794199799051 0.467939333769328 0.577127437224389 0.0132672351212122
118 0.475483847456361 0.0533752135244831 0.471290622230419 0.576952440523885 0.0135239893224071
119 0.47524252076993 0.0504138899209008 0.474494341676675 0.576777376884764 0.0137832953030536
120 0.475005651015596 0.0475912330885979 0.477554889439528 0.576602432978048 0.0140451754487393
121 0.474773054443195 0.0449029286977247 0.480476764908258 0.576427784431273 0.0143096516588944
122 0.474544544729884 0.0423445916499696 0.483264540849816 0.576253595567884 0.0145767451734311
123 0.474319934079113 0.0399117914011975 0.485922836978548 0.576080019244932 0.0148464764085265
124 0.474099034228813 0.0376000751365701 0.488456295764844 0.575907196781913 0.0151188648017637
125 0.473881657370156 0.0354049888327334 0.490869560446805 0.575735257973286 0.0153939286667487
126 0.473667616979011 0.0333220962616788 0.493167255188161 0.575564321177058 0.0156716850572315
127 0.473456728562971 0.031346996007269 0.495353967308575 0.575394493471742 0.015952149640689
128 0.473248810327348 0.0294753365784342 0.497434231498911 0.575225870874113 0.0162353365812619
129 0.473043683763963 0.0277028297130065 0.499412515923641 0.575058538610333 0.0165212584318914
130 0.472841174166874 0.026025261973372 0.501293210105047 0.57489257143326 0.0168099260354556
131 0.472641111079394 0.0244385047399073 0.503080614478871 0.574728033979084 0.0171013484346756
132 0.472443328676863 0.0229385227108416 0.504778931508281 0.574564981156779 0.017395532790537
133 0.472247666089698 0.0215213810180382 0.506392258242094 0.57440345856427 0.0176924843089538
134 0.472053967671206 0.0201832510675112 0.507924580203937 0.574243502925617 0.0179922061753888
135 0.471862083214593 0.0189204152115374 0.509379766501006 0.57408514254399 0.0182946994971405
136 0.471671868123476 0.0177292703562372 0.510761566044232 0.573928397765616 0.0185999632530016
137 0.471483183540043 0.0166063306046856 0.512073604775595 0.573773281450339 0.0189079942499946
138 0.471295896434859 0.0155482290311811 0.513319383802947 0.573619799444883 0.0192187870868965
139 0.471109879662074 0.0145517186774014 0.514502278347822 0.573467951055307 0.0195323341242668
140 0.470925011983632 0.0136136728559679 0.515625537417095 0.573317729515554 0.0198486254607026
141 0.470741178065806 0.0127310848415419 0.516692284114995 0.573169122449403 0.020167648915053
142 0.470558268451209 0.0119010670241024 0.517705516517681 0.573022112323471 0.0204893900143336
143 0.47037617950917 0.0111208495935798 0.518668109038265 0.57287667688926 0.0208138319870936
144 0.470194813367175 0.0103877788196326 0.519582814215785 0.572732789612595 0.0211409557619947
145 0.470014077825828 0.00969931498509931 0.520452264867127 0.572590420089019 0.0214707399713753
146 0.469833886259617 0.00905303002658823 0.521278976546127 0.572449534444071 0.0218031609595812
147 0.469654157505519 0.00844660493081165 0.522065350259179 0.57231009571753 0.0221381927958508
148 0.46947481574136 0.00787782693066282 0.522813675391458 0.57217206423099 0.0224758072915583
149 0.469295790355581 0.00734458654067869 0.523526132802401 0.57203539793829 0.0228159740216189
150 0.469117015809984 0.00684487446744826 0.524204798053346 0.571900052758524 0.0231586603498738
151 0.468938431496795 0.00637677842671451 0.524851644734195 0.571765982891488 0.0235038314582762
152 0.4687599815913 0.00593847989537947 0.52546854785965 0.571633141115578 0.0238514503797068
153 0.468581614901133 0.0055282508233504 0.526057287308994 0.571501479068245 0.0242014780342525
154 0.468403284713185 0.00514445032715653 0.526619551286482 0.571370947509255 0.0245538732687877
155 0.46822494863901 0.00478552138450712 0.527156939782333 0.571241496567028 0.0249085928997
156 0.468046568459457 0.00444998754644532 0.527670968016896 0.571113075968469 0.0252655917586071
157 0.467868109969215 0.00413644968146306 0.528163069852947 0.570985635252712 0.0256248227409129
158 0.467689542821825 0.00384358276386975 0.528634601163271 0.570859123969273 0.0259862368570565
159 0.467510840375675 0.00357013271683581 0.52908684314257 0.570733491861137 0.0263497832863042
160 0.467331979541402 0.00331491331884962 0.529521005554546 0.570608689033335 0.0267154094329418
161 0.467152940631067 0.00307680318081861 0.529938229906557 0.570484666107594 0.0270830609847216
162 0.466973707209429 0.00285474279969869 0.530339592545627 0.570361374363642 0.0274526819734201
163 0.466794265947567 0.0026477316933389 0.530726107670872 0.570238765867784 0.0278242148373655
164 0.466614606479087 0.00245482562016691 0.531098730258481 0.570116793589328 0.0281976004857889
165 0.466434721259093 0.0022751338864044 0.531458358896391 0.569995411505493 0.0285727783648601
166 0.466254605426066 0.0021078167426786 0.531805838526624 0.569874574695364 0.028949686525263
167 0.466074256666778 0.00195208287117562 0.532141963094023 0.569754239423508 0.0293282616911685
168 0.465893675084337 0.00180718696385508 0.532467478100782 0.569634363213803 0.0297084393304638
169 0.465712863069431 0.00167242739170184 0.532783083066706 0.569514904914056 0.0300901537260946
170 0.465531825174823 0.00154714396452428 0.533089433895648 0.569395824751953 0.0304733380483776
171 0.46535056799314 0.00143071578040815 0.533387145148975 0.569277084382864 0.0308579244281433
172 0.465169100037972 0.00132255916359713 0.533676792227274 0.56915864693002 0.0312438440305661
173 0.464987431628287 0.00122212568928546 0.533958913461794 0.569040477017543 0.0316310271295424
174 0.464805574776176 0.00112890029357192 0.534234012117383 0.56892254079682 0.0320194031824761
175 0.464623543077893 0.00104239946662963 0.534502558308878 0.568804805966646 0.0324089009053337
176 0.464441351608204 0.000962169526989822 0.534764990833066 0.568687241787595 0.0327994483478321
177 0.464259016817992 0.000887784974713914 0.535021718918451 0.568569819091011 0.0331909729686233
178 0.464076556435107 0.000818846921133753 0.535273123895209 0.568452510283022 0.0335834017103431
179 0.463893989368418 0.000754981592770814 0.535519560787717 0.56833528934395 0.033976661074392
180 0.463711335615044 0.000695838906998032 0.53576135983216 0.568218131823466 0.0343706771953217
181 0.463528616170706 0.00064109111698014 0.535998827921699 0.568101014831833 0.0347653759146991
182 0.46334585294317 0.000590431523417158 0.536232249981732 0.56798391702755 0.0351606828543274
183 0.463163068668739 0.000543573250618604 0.536461890277756 0.567866818601697 0.0355565234887041
184 0.462980286831736 0.000500248084451158 0.536687993658337 0.567749701259279 0.0359528232166013
185 0.462797531586944 0.000460205369727908 0.536910786735671 0.567632548197812 0.0363495074316562
186 0.462614827684957 0.00042321096464149 0.537130479006171 0.567515344083432 0.0367465015918652
187 0.462432200400373 0.000389046249884744 0.537347263913495 0.567398075024745 0.0371437312878793
188 0.462249675462814 0.000357507190149914 0.537561319856373 0.567280728544655 0.0375411223100012
189 0.462067278990689 0.000328403445749622 0.537772811143528 0.567163293550373 0.0379386007137927
190 0.461885037427676 0.000301557532158992 0.537981888897964 0.567045760301811 0.0383360928842031
191 0.46170297748186 0.000276804025337475 0.538188691912783 0.566928120378547 0.038733525598136
192 0.461521126067481 0.00025398881075045 0.538393347460695 0.566810366645527 0.0391308260853771
193 0.461339510249244 0.000232968374073831 0.538595972059259 0.566692493217692 0.0395279220878101
194 0.461158157189135 0.000213609131629238 0.538796672193877 0.566574495423649 0.0399247419168546
195 0.460977094095695 0.00019578679866225 0.538995545000475 0.566456369768564 0.040321214509065
196 0.4607963481757 0.000179385793641423 0.53919267890974 0.566338113896391 0.0407172694798344
197 0.460615946588206 0.00016429867682089 0.53938815425473 0.566219726551572 0.0411128371751544
198 0.460435916400887 0.000150425621374035 0.539582043843592 0.566101207540322 0.0415078487213861
199 0.460256284548635 0.000137673915469751 0.539774413499079 0.565982557691617 0.0419022360730042
200 0.460077077794358 0.000125957493726011 0.539965322566468 0.565863778817974 0.0422959320582816
201 0.459898322691937 0.000115196496537607 0.540154824391459 0.565744873676139 0.0426888704228868
202 0.459720045551267 0.000105316855835878 0.540342966769516 0.565625845927753 0.0430809858713725
203 0.459542272405359 9.62499058979353e-05 0.540529792368113 0.565506700100092 0.0434722141065388
204 0.459365028979434 8.7932017881189e-05 0.540715339123255 0.565387441546955 0.0438624918666605
205 0.45918834066195 8.0304256815795e-05 0.540899640611581 0.565268076409768 0.0442517569605714
206 0.459012232477536 7.33120598429642e-05 0.541082726399331 0.565148611578984 0.0446399483006057
207 0.45883672906175 6.69049345408299e-05 0.541264622369371 0.565029054655816 0.0450270059333998
208 0.458661854637628 6.1036176231735e-05 0.54144535102746 0.564909413914392 0.0454128710685621
209 0.458487632993972 5.56626032153591e-05 0.541624931788832 0.564789698264356 0.045797486105226
210 0.458314087465309 5.07443089210548e-05 0.54180338124619 0.564669917213983 0.0461807946565003
211 0.458141240913486 4.62444300200875e-05 0.541980713420088 0.564550080833841 0.0465627415718415
212 0.45796911571084 4.21289295841917e-05 0.542156939992702 0.564430199721046 0.0469432729573701
213 0.457797733724893 3.83663944209771e-05 0.542332070525878 0.564310284964147 0.0473223361941622
214 0.457627116304519 3.49278457592454e-05 0.542506112664366 0.564190348108671 0.0476998799545473
215 0.457457284267535 3.17865624982525e-05 0.542679072325056 0.56407040112336 0.0480758542164481
216 0.457288257889657 2.89179162743756e-05 0.54285095387302 0.563950456367133 0.0484502102758012
217 0.457120056894786 2.62992176365566e-05 0.543021760285133 0.56383052655679 0.0488229007570993
218 0.456952700446549 2.3909572658318e-05 0.543191493301974 0.563710624735476 0.0491938796220993
219 0.45678620714107 2.1729749349115e-05 0.543360153568705 0.563590764241937 0.049563102176742
220 0.456620595000908 1.97420532613276e-05 0.54352774076559 0.563470958680574 0.0499305250763318
221 0.45645588147011 1.79302117213487e-05 0.543694253728759 0.563351221892313 0.0502961063290271
222 0.456292083410345 1.627926614401e-05 0.543859690561816 0.563231567926301 0.0506598052976916
223 0.456129217098057 1.47754719190575e-05 0.544024048738846 0.563112011012438 0.0510215827001614
224 0.455967298222596 1.34062053865649e-05 0.544187325199355 0.562992565534751 0.051381400607982
225 0.45580634188528 1.21598774450965e-05 0.544349516435642 0.562873246005622 0.0517392224436693
226 0.455646362599346 1.10258533621417e-05 0.54451061857308 0.562754067040864 0.0520950129765528
227 0.455487374290741 9.99437838086787e-06 0.544670627443759 0.562635043335653 0.0524487383172573
228 0.455329390299705 9.05650874062276e-06 0.544829538653914 0.56251618964132 0.0528003659108804
229 0.455172423383117 8.20404775089355e-06 0.544987347645546 0.562397520742985 0.0531498645289227
230 0.455016485717549 7.42948657963122e-06 0.54514404975261 0.562279051438058 0.0534972042600314
231 0.454861588902991 6.72594943701816e-06 0.545299640252134 0.562160796515572 0.0538423564996118
232 0.454707743967208 6.08714285492487e-06 0.545454114410619 0.56204277073637 0.0541852939383664
233 0.454554961370693 5.50730878050467e-06 0.545607467526014 0.561924988814114 0.054525990549819
234 0.454403251012166 4.98118121965054e-06 0.5457596949656 0.561807465397134 0.0548644215768796
235 0.454252622234605 4.5039461824178e-06 0.545910792200048 0.561690215051091 0.0552005635175075
236 0.454103083831739 4.07120469803624e-06 0.54606075483392 0.561573252242437 0.0555343941095279
237 0.453954644055008 3.67893868182843e-06 0.546209578632876 0.561456591322696 0.0558658923146565
238 0.453807310620923 3.3234794502511e-06 0.546357259547815 0.561340246513504 0.056195038301787
239 0.453661090718809 3.00147869341511e-06 0.546503793736182 0.561224231892446 0.0565218134295935
240 0.453515991018901 2.7098817268502e-06 0.546649177580634 0.561108561379638 0.0568462002285
241 0.453372017680756 2.44590285599313e-06 0.546793407705289 0.560993248725064 0.0571681823820687
242 0.453229176361954 2.2070026979237e-06 0.546936480989716 0.560878307496636 0.0574877447078545
243 0.45308747222706 1.99086731528162e-06 0.547078394580856 0.560763751068986 0.0578048731377766
244 0.452946909956822 1.79538902709789e-06 0.547219145903027 0.560649592612941 0.0581195546980523
245 0.452807493757573 1.61864877049533e-06 0.547358732666176 0.5605358450857 0.058431777488739
246 0.452669227370822 1.45889989588162e-06 0.547497152872511 0.560422521221671 0.0587415306629289
247 0.452532114082997 1.31455328640208e-06 0.547634404821642 0.560309633523964 0.0590488044056392
248 0.452396156735328 1.18416370006317e-06 0.547770487114375 0.560197194256518 0.0593535899124386
249 0.452261357733847 1.06641724010806e-06 0.547905398655253 0.560085215436852 0.0596558793678497
250 0.452127719059476 9.60119865945258e-07 0.548039138653967 0.559973708829407 0.0599556659235672
251 0.451995242278191 8.64186863224808e-07 0.548171706625732 0.559862685939486 0.0602529436765262
252 0.451863928551243 7.77633197546242e-07 0.548303102390721 0.559752158007745 0.060547707646858
253 0.451733778645412 6.99564681789712e-07 0.548433326072655 0.559642136005246 0.0608399537557656
254 0.451604792943288 6.29169892208112e-07 0.548562378096617 0.559532630629032 0.0611296788033531
255 0.451476971453546 5.6571277322312e-07 0.548690259186175 0.559423652298219 0.0614168804464371
256 0.451350313821222 5.08525875351529e-07 0.54881697035988 0.559315211150582 0.0617015571763719
257 0.451224819337954 4.57004174868399e-07 0.548942512927212 0.559207317039622 0.0619837082969143
258 0.45110048695219 4.10599427708044e-07 0.549066888484024 0.559099979532084 0.0622633339021565
259 0.450977315279346 3.68815013729713e-07 0.549190098907549 0.558993207905933 0.0625404348545495
260 0.450855302611895 3.3120123084808e-07 0.54931214635102 0.55888701114874 0.0628150127630427
261 0.450734446929392 2.97351001664621e-07 0.549433033237948 0.558781397956487 0.0630870699613609
262 0.450614745908406 2.66895958149424e-07 0.549552762256106 0.558676376732758 0.0633566094864394
263 0.450496196932365 2.39502872627696e-07 0.549671336351265 0.558571955588308 0.063623635057037
264 0.450378797101295 2.14870405834513e-07 0.549788758720704 0.55846814234099 0.0638881510525453
265 0.450262543241456 1.92726145127677e-07 0.549905032806549 0.558364944516021 0.0641501624920111
266 0.450147431914849 1.72823908103818e-07 0.55002016228896 0.558262369346575 0.0644096750133868
267 0.450033459428609 1.54941288858298e-07 0.550134151079196 0.558160423774693 0.0646666948530255
268 0.449920621844264 1.388774259757e-07 0.550247003312598 0.55805911445248 0.0649212288254324
269 0.449808914986857 1.24450973044737e-07 0.550358723341495 0.557958447743583 0.0651732843032848
270 0.449698334453929 1.11498254068718e-07 0.550469315728072 0.557858429724941 0.0654228691977337
271 0.449588875624351 9.98715875992585e-08 0.550578785237212 0.557759066188778 0.0656699919389962
272 0.449480533667014 8.94377647650334e-08 0.550687136829337 0.557660362644837 0.0659146614572467
273 0.44937330354936 8.00766676069534e-08 0.550794375653257 0.557562324322838 0.0661568871638186
274 0.449267180045758 7.16800152736693e-08 0.550900507039053 0.557464956175138 0.0663966789327199
275 0.449162157745722 6.41502266836282e-08 0.551005536490998 0.557368262879603 0.0666340470824731
276 0.449058231061962 5.73993892286355e-08 0.551109469680539 0.557272248842644 0.066869002358282
277 0.448955394238282 5.13483239850625e-08 0.551212312439335 0.557176918202445 0.0671015559145324
278 0.448853641357304 4.59257387182297e-08 0.551314070752386 0.557082274832333 0.0673317192976302
279 0.448752966348026 4.10674607184077e-08 0.551414750751238 0.556988322344309 0.0675595044291799
280 0.448653362993219 3.67157421983178e-08 0.551514358707284 0.556895064092706 0.0677849235895077
281 0.448554824936654 3.28186316166229e-08 0.551612901025174 0.556802503177984 0.0680079894015291
282 0.448457345690155 2.93294048740232e-08 0.551710384236318 0.55671064245063 0.0682287148149651
283 0.448360918640494 2.62060508622449e-08 0.551806814992522 0.556619484515168 0.0684471130909063
284 0.448265537056112 2.34108063351974e-08 0.551902200059722 0.556529031734267 0.0686631977867252
285 0.448171194093674 2.0909735519368e-08 0.551996546311855 0.556439286232929 0.0688769827413381
286 0.44807788280446 1.86723502903751e-08 0.552089860724848 0.556350249902761 0.069088482060814
287 0.447985596140587 1.66712671175145e-08 0.55218215037074 0.556261924406312 0.0692977101043316
288 0.447894326961069 1.48818973209232e-08 0.552273422411934 0.556174311181467 0.0695046814704805
289 0.447804068037712 1.32821674992161e-08 0.552363684095576 0.556087411445902 0.0697094109839071
290 0.447714812060852 1.18522672715485e-08 0.552452942748077 0.556001226201572 0.0699119136823018
291 0.447626551644925 1.05744217392184e-08 0.552541205769765 0.555915756239246 0.0701122048037241
292 0.447539279333889 9.43268631021329e-09 0.552628480629674 0.555831002143067 0.0703102997742646
293 0.447452987606479 8.41276174741712e-09 0.55271477486047 0.555746964295136 0.0705062141960397
294 0.447367668881316 7.50182749926975e-09 0.552800096053511 0.555663642880111 0.0706999638355144
295 0.447283315521858 6.68839155213947e-09 0.552884451854043 0.555581037889822 0.0708915646121523
296 0.447199919841204 5.96215520800256e-09 0.552967849956534 0.555499149127886 0.0710810325873859
297 0.447117474106752 5.31389134060518e-09 0.55305029810014 0.555417976214324 0.0712683839539048
298 0.447035970544705 4.73533481936624e-09 0.553131804064304 0.55533751859017 0.0714536350252573
299 0.446955401344437 4.21908391402979e-09 0.553212375664486 0.555257775522073 0.0716368022257599
300 0.446875758662724 3.75851160555697e-09 0.553292020748031 0.555178746106882 0.0718179020807114
301 0.446797034627827 3.34768583094212e-09 0.553370747190155 0.555100429276205 0.0719969512069057
302 0.446719221343447 2.98129778244395e-09 0.553448562890065 0.555022823800957 0.0721739663034392
303 0.446642310892543 2.65459746596712e-09 0.553525475767208 0.554945928295868 0.0723489641428072
304 0.44656629534102 2.36333579976934e-09 0.553601493757636 0.554869741223964 0.0725219615622843
305 0.446491166741292 2.10371260399671e-09 0.553676624810495 0.554794260901017 0.0726929754555839
306 0.446416917135716 1.87232989440224e-09 0.553750876884641 0.554719485499949 0.0728620227647916
307 0.446343538559907 1.66614995055954e-09 0.553824257945364 0.554645413055197 0.0730291204725665
308 0.446271023045931 1.48245768047806e-09 0.553896775961231 0.554572041467042 0.073194285594606
309 0.44619936262538 1.31882685024373e-09 0.553968438901046 0.554499368505878 0.0733575351723681
310 0.446128549332337 1.17308978959367e-09 0.554039254730912 0.554427391816443 0.0735188862660463
311 0.446058575206225 1.04331022259194e-09 0.554109231411415 0.554356108921989 0.0736783559477908
312 0.445989432294547 9.27758907173959e-10 0.5541783768949 0.554285517228413 0.0738359612951722
313 0.445921112655523 8.24891798609343e-10 0.554246699122858 0.554215614028311 0.0739917193848804
314 0.44585360836062 7.33330480203238e-10 0.554314206023418 0.554146396504999 0.074145647286655
315 0.445786911496983 6.51844630095543e-10 0.554380905508931 0.55407786173646 0.074297762057441
316 0.44572101416976 5.79336316081213e-10 0.554446805473653 0.554010006699231 0.0744480807357642
317 0.445655908504347 5.14825931195373e-10 0.554511913791527 0.553942828272241 0.0745966203363227
318 0.445591586648521 4.57439601595872e-10 0.554576238314051 0.553876323240574 0.0747433978447859
319 0.445528040774495 4.06397915225427e-10 0.554639786868239 0.553810488299174 0.0748884302128004
320 0.445465263080876 3.61005835020366e-10 0.554702567254667 0.553745320056485 0.0750317343531933
321 0.445403245794544 3.20643674212117e-10 0.55476458724561 0.553680815038031 0.0751733271353706
322 0.445341981172439 2.84759023684941e-10 0.554825854583255 0.553616969689921 0.0753132253809049
323 0.445281461503279 2.52859532540067e-10 0.554886376977995 0.553553780382298 0.0754514458593065
324 0.44522167910918 2.24506453090831e-10 0.554946162106808 0.553491243412713 0.0755880052839744
325 0.445162626347222 1.99308870583438e-10 0.555005217611707 0.553429355009441 0.0757229203083222
326 0.445104295610919 1.76918546101024e-10 0.555063551098262 0.553368111334722 0.0758562075220724
327 0.445046679331632 1.57025308453219e-10 0.555121170134199 0.553307508487941 0.0759878834477171
328 0.444989769979904 1.39352937459374e-10 0.555178082248066 0.553247542508737 0.0761179645371381
329 0.444933560066728 1.23655486973551e-10 0.555234294927967 0.553188209380051 0.0762464671683838
330 0.444878042144753 1.09714001338745e-10 0.555289815620361 0.553129505031098 0.0763734076425962
331 0.444823208809418 9.73335837559767e-11 0.555344651728925 0.553071425340283 0.0764988021810865
332 0.444769052700035 8.63407793643675e-11 0.555398810613481 0.553013966138039 0.076622666922552
333 0.4447155665008 7.65812396996639e-11 0.555452299588979 0.552957123209612 0.0767450179204324
334 0.444662742941757 6.79176386745092e-11 0.55550512592454 0.552900892297771 0.0768658711404002
335 0.444610574799695 6.02278133437326e-11 0.555557296842555 0.552845269105451 0.0769852424579813
336 0.444559054899001 5.34031055176067e-11 0.555608819517838 0.552790249298345 0.0771031476563021
337 0.444508176112453 4.73468827976493e-11 0.555659701076828 0.552735828507415 0.0772196024239588
338 0.444457931361965 4.19732198621354e-11 0.555709948596852 0.55268200233135 0.0773346223530059
339 0.444408313619281 3.72057228482162e-11 0.555759569105423 0.552628766338957 0.0774482229370588
340 0.444359315906628 3.2976481488012e-11 0.555808569579597 0.552576116071494 0.0775604195695084
341 0.444310931297308 2.92251352785174e-11 0.555856956945369 0.552524047044934 0.0776712275418429
342 0.444263152916268 2.58980414187839e-11 0.555904738077118 0.552472554752174 0.0777806620420746
343 0.444215973940605 2.29475335498599e-11 0.55595191979709 0.552421634665182 0.0778887381532662
344 0.444169387600043 2.03312614989127e-11 0.555998508874925 0.552371282237085 0.0779954708521561
345 0.444123387177368 1.80116032727758e-11 0.556044512027223 0.552321492904198 0.0781008750078771
346 0.44407796600882 1.59551414804443e-11 0.556089935917151 0.552272262087994 0.0782049653807665
347 0.444033117484456 1.4132197200061e-11 0.556134787154081 0.552223585197021 0.078307756621264
348 0.443988835048467 1.2516415053866e-11 0.55617907229327 0.552175457628758 0.0784092632688953
349 0.44394511219947 1.10843939235458e-11 0.55622279783557 0.55212787477142 0.0785094997513369
350 0.443901942490761 9.81535833661458e-12 0.556265970227174 0.552080832005704 0.0786084803835611
351 0.443859319530542 8.69086608925589e-12 0.556308595859391 0.552034324706488 0.0787062193670568
352 0.443817236982109 7.69454814906837e-12 0.556350681068453 0.551988348244472 0.0788027307891244
353 0.443775688564016 6.81187730831515e-12 0.556392232135355 0.551942897987771 0.0788980286222418
354 0.443734668050212 6.02996243991763e-12 0.556433255285713 0.551897969303451 0.0789921267234988
355 0.443694169270149 5.33736554932692e-12 0.556473756689663 0.551853557559028 0.0790850388340983
356 0.44365418610886 4.72393911984218e-12 0.556513742461775 0.551809658123903 0.0791767785789202
357 0.443614712507016 4.18068152076594e-12 0.556553218660999 0.551766266370758 0.0792673594661471
358 0.443575742460963 3.69960849043673e-12 0.55659219129063 0.551723377676908 0.0793567948869493
359 0.443537270022723 3.27363892274579e-12 0.556630666298299 0.551680987425596 0.0794450981152262
360 0.443499289299988 2.89649337899395e-12 0.556668649575988 0.551639091007254 0.0795322823074022
361 0.443461794456083 2.56260391935176e-12 0.556706146960062 0.551597683820711 0.0796183605022755
362 0.443424779709908 2.26703400197099e-12 0.556743164231323 0.551556761274368 0.0797033456209176
363 0.443388239335871 2.00540733494249e-12 0.556779707115085 0.551516318787319 0.0797872504666202
364 0.443352167663787 1.77384468858184e-12 0.556815781281267 0.551476351790437 0.07987008772489
365 0.443316559078772 1.56890778454074e-12 0.556851392344502 0.551436855727423 0.0799518699634877
366 0.443281408021115 1.38754947540943e-12 0.556886545864266 0.551397826055807 0.0800326096325091
367 0.443246708986132 1.22706951506833e-12 0.556921247345019 0.551359258247919 0.0801123190645091
368 0.443212456524006 1.08507529719993e-12 0.55695550223637 0.551321147791811 0.080191010474663
369 0.443178645239615 9.59447008104222e-13 0.556989315933243 0.551283490192157 0.0802686959609675
370 0.443145269792341 8.48306701179554e-13 0.557022693776074 0.551246280971103 0.0803453875044765
371 0.443112324895868 7.49990854948478e-13 0.557055641051009 0.55120951566909 0.0804210969695721
372 0.443079805317966 6.63026025050407e-13 0.557088162990116 0.551173189845643 0.0804958361042692
373 0.443047705880267 5.86107243836898e-13 0.557120264771618 0.55113729908012 0.0805696165405503
374 0.443016021458022 5.18078859670415e-13 0.557151951520126 0.551101838972434 0.0806424497947321
375 0.442984746979851 4.5791754225933e-13 0.557183228306895 0.551066805143742 0.0807143472678597
376 0.442953877427487 4.04717210822091e-13 0.557214100150077 0.551032193237104 0.0807853202461299
377 0.442923407835499 3.57675668973027e-13 0.557244572014997 0.550997998918106 0.0808553799013384
378 0.44289333329102 3.1608275432837e-13 0.55727464881443 0.550964217875465 0.0809245372913547
379 0.442863648933447 2.7930983227108e-13 0.55730433540889 0.550930845821592 0.0809928033606186
380 0.442834349954155 2.46800482378989e-13 0.557333636606927 0.550897878493137 0.0810601889406608
381 0.442805431596187 2.18062242973044e-13 0.557362557165433 0.550865311651502 0.0811267047506441
382 0.44277688915394 1.92659294313059e-13 0.557391101789951 0.550833141083331 0.0811923613979256
383 0.442748717972845 1.70205974364449e-13 0.557419275134999 0.55080136260097 0.081257169378638
384 0.442720913449045 1.50361032965158e-13 0.557447081804392 0.550769972042905 0.0813211390782894
385 0.442693471029059 1.32822540801816e-13 0.557474526351579 0.550738965274179 0.0813842807723804
386 0.442666386209443 1.17323379004421e-13 0.557501613279974 0.550708338186776 0.0814466046270378
387 0.442639654536448 1.03627243519869e-13 0.557528347043309 0.550678086699989 0.0815081206996632
388 0.442613271605672 9.15251058426493e-14 0.557554732045972 0.550648206760769 0.0815688389395975
389 0.442587233061702 8.08320782692516e-14 0.557580772643371 0.550618694344045 0.0816287691887977
390 0.442561534597761 7.13846376934817e-14 0.557606473142283 0.550589545453022 0.0816879211825274
391 0.442536171955344 6.30381671547075e-14 0.557631837801221 0.550560756119471 0.08174630455006
392 0.44251114092385 5.56647789631285e-14 0.557656870830798 0.550532322403985 0.0818039288153917
393 0.442486437340217 4.91513873202407e-14 0.557681576394096 0.550504240396224 0.081860803397967
394 0.442462057088547 4.33980019865365e-14 0.557705958607037 0.550476506215138 0.0819169376134124
395 0.44243799609973 3.8316217773454e-14 0.55773002153876 0.550449116009177 0.0819723406742809
396 0.44241425035107 3.3827877498346e-14 0.557753769211998 0.550422065956476 0.0820270216908039
397 0.4423908158659 2.98638885803791e-14 0.557777205603455 0.550395352265029 0.0820809896716512
398 0.442367688713205 2.63631757079113e-14 0.557800334644194 0.550368971172846 0.0821342535246991
399 0.442344865007232 2.32717540061223e-14 0.557823160220014 0.55034291894809 0.0821868220578044
400 0.442322340907111 2.054190890602e-14 0.55784568617184 0.550317191889208 0.0822387039795845
401 0.442300112616464 1.81314704877763e-14 0.55786791629611 0.550291786325032 0.0822899079002037
402 0.442278176383015 1.60031714651912e-14 0.557889854345159 0.550266698614885 0.0823404423321642
403 0.442256528498207 1.41240792139537e-14 0.55791150402761 0.550241925148654 0.0823903156911014
404 0.442235165296807 1.24650933420651e-14 0.557932869008766 0.550217462346867 0.0824395362965838
405 0.442214083156518 1.10005012720975e-14 0.557953952910998 0.55019330666074 0.0824881123729158
406 0.442193278497587 9.70758516591328e-15 0.557974759314134 0.55016945457223 0.0825360520499443
407 0.442172747782414 8.5662742855335e-15 0.557995291755854 0.550145902594059 0.0825833633638673
408 0.442152487515161 7.5588375600669e-15 0.558015553732078 0.550122647269738 0.0826300542580457
409 0.442132494241362 6.6696117278302e-15 0.558035548697357 0.550099685173572 0.0826761325838155
410 0.442112764547532 5.88476095371064e-15 0.558055280065267 0.550077012910663 0.0827216061013031
411 0.442093295060774 5.19206429218952e-15 0.558074751208793 0.550054627116894 0.0827664824802403
412 0.442074082448393 4.58072778312294e-15 0.558093965460725 0.550032524458907 0.0828107693007813
413 0.442055123417504 4.04121833645853e-15 0.558112926114043 0.550010701634073 0.0828544740543185
414 0.442036414714644 3.56511688895916e-15 0.558131636422308 0.549989155370447 0.0828976041443003
415 0.442017953125387 3.1449886055045e-15 0.558150099600046 0.549967882426723 0.0829401668870469
416 0.441999735473953 2.77426815390058e-15 0.55816831882314 0.549946879592171 0.0829821695125664
417 0.441981758622828 2.44715830912144e-15 0.558186297229208 0.54992614368657 0.0830236191653702
418 0.441964019472377 2.1585403438808e-15 0.558204037917992 0.54990567156014 0.0830645229052867
419 0.441946514960458 1.90389484035204e-15 0.55822154395174 0.549885460093449 0.083104887708274
420 0.441929242062048 1.67923171535392e-15 0.558238818355584 0.549865506197331 0.0831447204672308
421 0.441912197788857 1.48102839072788e-15 0.558255864117924 0.549845806812788 0.0831840279928056
422 0.441895379188956 1.30617516401948e-15 0.558272684190806 0.549826358910887 0.0832228170142036
423 0.441878783346391 1.15192694377281e-15 0.558289281490292 0.549807159492644 0.0832610941799911
424 0.441862407380819 1.01586061037741e-15 0.558305658896842 0.549788205588921 0.0832988660588976
425 0.441846248447127 8.95837348910974e-16 0.558321819255683 0.54976949426029 0.0833361391406156
426 0.441830303735068 7.89969376073496e-16 0.558337765377183 0.549751022596918 0.0833729198365963
427 0.441814570468884 6.96590550239302e-16 0.558353500037214 0.549732787718427 0.0834092144808429
428 0.441799045906945 6.14230412863212e-16 0.558369025977525 0.549714786773756 0.0834450293307011
429 0.441783727341385 5.41591261853073e-16 0.558384345906103 0.549697016941026 0.0834803705676448
430 0.441768612097734 4.77527903847976e-16 0.558399462497537 0.549679475427384 0.0835152442980595
431 0.441753697534562 4.21029773315372e-16 0.55841437839338 0.549662159468858 0.083549656554021
432 0.441738981043119 3.71205142616916e-16 0.558429096202501 0.549645066330194 0.0835836132940708
433 0.441724460046978 3.27267179237618e-16 0.55844361850145 0.549628193304707 0.083617120403987
434 0.441710132001685 2.88521634708648e-16 0.558457947834804 0.549611537714106 0.0836501836975511
435 0.441695994394404 2.543559748085e-16 0.558472086715521 0.549595096908337 0.083682808917311
436 0.441682044743572 2.24229782778637e-16 0.558486037625288 0.549578868265404 0.0837150017353391
437 0.441668280598549 1.97666286873225e-16 0.558499803014869 0.549562849191203 0.0837467677539855
438 0.441654699539276 1.74244880874662e-16 0.558513385304445 0.549547037119339 0.0837781125066277
439 0.441641299175935 1.53594521509732e-16 0.558526786883961 0.549531429510952 0.0838090414584148
440 0.441628077148607 1.35387900227656e-16 0.558540010113458 0.549516023854529 0.0838395600070065
441 0.441615031126939 1.19336298756527e-16 0.558553057323413 0.549500817665726 0.0838696734833087
442 0.441602158809808 1.05185048420467e-16 0.558565930815074 0.549485808487178 0.0838993871522023
443 0.441589457924994 9.27095225372282e-17 0.558578632860786 0.549470993888306 0.0839287062132686
444 0.441576926228846 8.17115994671697e-17 0.558591165704324 0.549456371465134 0.0839576358015083
445 0.44156456150596 7.20165411754849e-17 0.558603531561214 0.549441938840089 0.083986180988056
446 0.441552361568857 6.34702386116507e-17 0.558615732619061 0.54942769366181 0.08401434678089
447 0.441540324257661 5.59367809017175e-17 0.558627771037866 0.549413633604949 0.0840421381255349
448 0.441528447439778 4.92963103774761e-17 0.558639648950343 0.549399756369977 0.0840695599057615
449 0.44151672900959 4.34431299086928e-17 0.558651368462238 0.54938605968298 0.084096616944279
450 0.441505166888132 3.82840329286574e-17 0.558662931652634 0.549372541295462 0.0841233140034232
451 0.441493759022794 3.37368300094574e-17 0.558674340574268 0.54935919898414 0.0841496557858387
452 0.441482503387004 2.9729048904945e-17 0.558685597253833 0.549346030550748 0.0841756469351558
453 0.441471397979929 2.61967876833849e-17 0.558696703692283 0.549333033821824 0.0842012920366615
454 0.441460440826176 2.30837029598762e-17 0.558707661865135 0.549320206648515 0.0842265956179655
455 0.441449629975487 2.03401173476456e-17 0.558718473722767 0.549307546906364 0.0842515621496602
456 0.441438963502451 1.79222321097115e-17 0.558729141190711 0.54929505249511 0.0842761960459755
457 0.441428439506203 1.57914326369903e-17 0.558739666169952 0.54928272133848 0.0843005016654274
458 0.441418056110141 1.39136758310448e-17 0.558750050537212 0.549270551383982 0.0843244833114613
459 0.441407811461633 1.22589497518265e-17 0.558760296145242 0.5492585406027 0.0843481452330904
460 0.441397703731738 1.08007970227706e-17 0.558770404823104 0.549246686989082 0.0843714916255268
461 0.441387731114917 9.51589448500587e-18 0.558780378376452 0.54923498856074 0.0843945266308084
462 0.441377891828758 8.38368247472554e-18 0.558790218587818 0.549223443358238 0.0844172543384195
463 0.441368184113701 7.38603787662212e-18 0.558799927216877 0.549212049444885 0.0844396787859059
464 0.441358606232759 6.50698579381065e-18 0.558809506000735 0.549200804906529 0.0844618039594841
465 0.441349156471251 5.73244528153112e-18 0.558818956654186 0.549189707851349 0.0844836337946454
466 0.441339833136532 5.05000512757294e-18 0.558828280869992 0.54917875640965 0.0845051721767536
467 0.441330634557729 4.44872613513509e-18 0.55883748031914 0.549167948733653 0.0845264229416375
468 0.441321559085475 3.91896678108975e-18 0.558846556651111 0.549157282997292 0.084547389876178
469 0.441312605091649 3.45222949085751e-18 0.558855511494138 0.549146757396007 0.0845680767188889
470 0.441303770969122 3.0410250960719e-18 0.558864346455464 0.549136370146538 0.0845884871604924
471 0.441295055131497 2.6787533279828e-18 0.558873063121596 0.549126119486721 0.0846086248444893
472 0.441286456012861 2.35959745260153e-18 0.558881663058559 0.549116003675282 0.0846284933677233
473 0.44127797206753 2.07843137688016e-18 0.558890147812146 0.549106020991637 0.0846480962809395
474 0.441269601769809 1.83073775223648e-18 0.558898518908163 0.549096169735683 0.0846674370893377
475 0.441261343613739 1.61253577556876e-18 0.558906777852676 0.549086448227603 0.0846865192531203
476 0.441253196112863 1.42031754127214e-18 0.558914926132252 0.549076854807659 0.0847053461880342
477 0.441245157799979 1.25099193307683e-18 0.558922965214198 0.549067387835992 0.0847239212659075
478 0.44123722722691 1.10183516389738e-18 0.558930896546797 0.549058045692422 0.0847422478151808
479 0.441229402964265 9.7044717718786e-19 0.558938721559548 0.549048826776253 0.0847603291214327
480 0.44122168360121 8.54713216190836e-19 0.558946441663388 0.549039729506069 0.0847781684279003
481 0.441214067745236 7.52769949411112e-19 0.55895405825093 0.549030752319539 0.0847957689359942
482 0.441206554021934 6.62975612924149e-19 0.558961572696686 0.549021893673222 0.0848131338058077
483 0.44119914107477 5.83883693883074e-19 0.558968986357292 0.54901315204237 0.0848302661566214
484 0.441191827564866 5.14219735819697e-19 0.558976300571729 0.549004525920734 0.0848471690674017
485 0.441184612170773 4.52860895930242e-19 0.558983516661544 0.548996013820374 0.0848638455772949
486 0.441177493588265 3.98817928277144e-19 0.558990635931066 0.54898761427146 0.0848802986861151
487 0.441170470530113 3.51219305414116e-19 0.55899765966762 0.548979325822088 0.0848965313548276
488 0.441163541725881 3.09297224961343e-19 0.559004589141741 0.548971147038087 0.0849125465060267
489 0.441156705921714 2.72375277658425e-19 0.559011425607383 0.548963076502829 0.0849283470244086
490 0.441149961880127 2.39857579878291e-19 0.559018170302126 0.548955112817046 0.0849439357572393
491 0.441143308379805 2.1121919691405e-19 0.55902482444738 0.548947254598638 0.0849593155148167
492 0.441136744215397 1.85997703921473e-19 0.559031389248591 0.548939500482493 0.0849744890709284
493 0.441130268197318 1.63785749538046e-19 0.55903786589544 0.5489318491203 0.0849894591633045
494 0.441123879151546 1.44224503192407e-19 0.559044255562039 0.548924299180367 0.0850042284940645
495 0.441117575919432 1.26997881218842e-19 0.559050559407131 0.548916849347443 0.0850187997301605
496 0.441111357357502 1.11827459323785e-19 0.559056778574281 0.548909498322533 0.0850331755038146
497 0.441105222337268 9.84679899120929e-20 0.559062914192068 0.54890224482272 0.0850473584129516
498 0.441099169745037 8.67034524441016e-20 0.559068967374275 0.548895087580993 0.0850613510216274
499 0.441093198481723 7.63435735135125e-20 0.559074939220076 0.548888025346064 0.0850751558604516
500 0.441087307462667 6.72207608462183e-20 0.559080830814218 0.548881056882197 0.0850887754270064
501 0.441081495617447 5.91874020406439e-20 0.55908664322721 0.548874180969037 0.08510221218626
502 0.441075761889704 5.21134847061975e-20 0.559092377515499 0.54886739640143 0.0851154685709756
503 0.44107010523696 4.58844998008512e-20 0.559098034721647 0.548860701989262 0.0851285469821162
504 0.44106452463044 4.03995945035081e-20 0.559103615874514 0.548854096557282 0.0851414497892436
505 0.441059019054903 3.55699449538565e-20 0.559109121989426 0.548847578944939 0.085154179330914
506 0.441053587508463 3.13173227154817e-20 0.559114554068349 0.548841148006212 0.0851667379150688
507 0.441048229002425 2.75728319232473e-20 0.559119913100064 0.548834802609449 0.0851791278194204
508 0.441042942561112 2.42757968128364e-20 0.559125200060328 0.548828541637199 0.085191351291834
509 0.4410377272217 2.13727817425073e-20 0.559130415912045 0.54882236398605 0.0852034105507051
510 0.441032582034057 1.88167279430327e-20 0.559135561605428 0.548816268566474 0.0852153077853318
511 0.441027506060574 1.65661931053863e-20 0.559140638078163 0.548810254302658 0.0852270451562842
512 0.44102249837601 1.45846815669146e-20 0.55914564625557 0.548804320132354 0.0852386247957681
513 0.441017558067334 1.2840054311866e-20 0.559150587050759 0.548798465006718 0.085250048807985
514 0.441012684233563 1.13040092844733e-20 0.559155461364788 0.548792687890155 0.0852613192694881
515 0.441007875985612 9.95162364281304e-21 0.559160270086818 0.548786987760168 0.085272438229534
516 0.44100313244614 8.76095057744814e-21 0.559165014094266 0.548781363607201 0.0852834077104296
517 0.440998452749397 7.71266419633012e-21 0.559169694252954 0.548775814434491 0.0852942297078762
518 0.440993836041079 6.78974675063951e-21 0.559174311417261 0.548770339257917 0.0853049061913084
519 0.440989281478176 5.97721315754359e-21 0.55917886643027 0.548764937105852 0.0853154391042292
520 0.440984788228831 5.26186837616718e-21 0.55918336012391 0.548759607019017 0.0853258303645418
521 0.440980355472189 4.63209372201539e-21 0.559187793319105 0.548754348050333 0.0853360818648765
522 0.440975982398265 4.07765867113544e-21 0.559192166825913 0.548749159264781 0.0853461954729142
523 0.440971668207795 3.58955511592602e-21 0.559196481443666 0.548744039739253 0.0853561730317062
524 0.440967412112102 3.15985139628357e-21 0.559200737961111 0.548738988562418 0.0853660163599898
525 0.440963213332956 2.78156374851636e-21 0.559204937156545 0.548734004834576 0.0853757272525001
526 0.440959071102442 2.44854309527505e-21 0.55920907979795 0.548729087667521 0.0853853074802783
527 0.440954984662826 2.15537534714925e-21 0.559213166643129 0.548724236184408 0.0853947587909764
528 0.440950953266419 1.8972936045362e-21 0.559217198439835 0.54871944951961 0.0854040829091574
529 0.440946976175451 1.67010084039987e-21 0.559221175925903 0.548714726818588 0.0854132815365931
530 0.440943052661942 1.47010181369293e-21 0.559225099829378 0.548710067237758 0.0854223563525572
531 0.440939182007572 1.29404311222694e-21 0.559228970868645 0.548705469944356 0.0854313090141156
532 0.440935363503558 1.13906035504515e-21 0.559232789752548 0.548700934116311 0.0854401411564125
533 0.440931596450529 1.00263169998668e-21 0.559236557180521 0.548696458942115 0.0854488543929537
534 0.440927880158405 8.82536903992412e-22 0.559240273842706 0.548692043620693 0.0854574503158858
535 0.440924213946273 7.7682127342933e-22 0.559243940420077 0.548687687361279 0.0854659304962725
536 0.440920597142269 6.83763920746078e-22 0.559247557584557 0.548683389383291 0.0854742964843674
537 0.440917029083465 6.01849813391045e-22 0.559251125999136 0.548679148916203 0.0854825498098828
538 0.440913509115741 5.29745162245566e-22 0.55925464631799 0.54867496519943 0.0854906919822565
539 0.440910036593683 4.66275750837658e-22 0.559258119186594 0.548670837482198 0.0854987244909139
540 0.440906610880461 4.10407854175812e-22 0.559261545241834 0.548666765023432 0.085506648805528
541 0.440903231347719 3.61231437944863e-22 0.559264925112123 0.54866274709163 0.0855144663762756
542 0.440899897375465 3.17945365712301e-22 0.55926825941751 0.548658782964752 0.0855221786340901
543 0.440896608351961 2.79844374298792e-22 0.559271548769787 0.548654871930101 0.0855297869909122
544 0.440893363673616 2.46307606095506e-22 0.559274793772602 0.548651013284206 0.0855372928399362
545 0.440890162744876 2.16788512325e-22 0.559277995021562 0.548647206332713 0.0855446975558542
546 0.440887004978126 1.9080596344886e-22 0.559281153104336 0.548643450390268 0.0855520024950966
547 0.440883889793577 1.67936422482498e-22 0.559284268600767 0.548639744780408 0.0855592089960705
548 0.440880816619169 1.47807054201305e-22 0.559287342082965 0.548636088835454 0.0855663183793938
549 0.44087778489047 1.3008965839087e-22 0.559290374115417 0.548632481896394 0.0855733319481278
550 0.440874794050572 1.14495328652353e-22 0.55929336525508 0.548628923312785 0.085580250988006
551 0.440871843549996 1.00769750038068e-22 0.559296316051484 0.548625412442639 0.0855870767676598
552 0.440868932846593 8.86890591521953e-23 0.55929922704683 0.548621948652324 0.0855938105388427
553 0.440866061405446 7.80561994746062e-23 0.559302098776081 0.548618531316453 0.0856004535366501
554 0.440863228698779 6.86977126997327e-23 0.559304931767064 0.548615159817789 0.0856070069797373
555 0.44086043420586 6.04609139570803e-23 0.55930772654056 0.548611833547137 0.0856134720705348
556 0.440857677412908 5.3211405009856e-23 0.559310483610396 0.548608551903247 0.0856198499954599
557 0.440854957813004 4.68308850140804e-23 0.559313203483539 0.548605314292712 0.0856261419251272
558 0.440852274905998 4.12152232512378e-23 0.559315886660185 0.548602120129874 0.085632349014555
559 0.440849628198424 3.62727625012035e-23 0.559318533633848 0.54859896883672 0.0856384724033698
560 0.440847017203404 3.19228254677415e-23 0.559321144891447 0.548595859842793 0.0856445132160082
561 0.440844441440571 2.80943999669527e-23 0.559323720913399 0.548592792585094 0.0856504725619161
562 0.440841900435977 2.47249814930857e-23 0.559326262173694 0.548589766507985 0.0856563515357454
563 0.440839393722009 2.17595543331615e-23 0.559328769139989 0.548586781063102 0.0856621512175482
564 0.440836920837306 1.91496946533333e-23 0.559331242273689 0.548583835709262 0.0856678726729684
565 0.440834481326677 1.68527809623069e-23 0.559333682030026 0.548580929912366 0.0856735169534313
566 0.44083207474102 1.48312991026065e-23 0.559336088858146 0.548578063145319 0.0856790850963307
567 0.440829700637239 1.30522304573066e-23 0.559338463201186 0.548575234887934 0.0856845781252126
568 0.440827358578169 1.14865134129636e-23 0.559340805496353 0.54857244462685 0.0856899970499583
569 0.440825048132491 1.01085693108377e-23 0.559343116175006 0.548569691855439 0.0856953428669635
570 0.440822768874662 8.89588516740963e-24 0.559345395662729 0.548566976073727 0.0857006165593166
571 0.440820520384835 7.82864636869781e-24 0.559347644379409 0.548564296788306 0.0857058190969734
572 0.44081830224878 6.88941335594912e-24 0.559349862739313 0.548561653512251 0.0857109514369303
573 0.440816114057819 6.06283703611372e-24 0.55935205115116 0.548559045765038 0.0857160145233953
574 0.440813955408743 5.33540828073878e-24 0.559354210018197 0.548556473072463 0.0857210092879564
575 0.440811825903746 4.69523743176316e-24 0.559356339738269 0.548553934966559 0.0857259366497485
576 0.440809725150348 4.13186022117389e-24 0.55935844070389 0.548551430985519 0.0857307975156171
577 0.440807652761331 3.63606694153155e-24 0.559360513302318 0.548548960673617 0.0857355927802811
578 0.440805608354662 3.19975208297004e-24 0.559362557915621 0.548546523581129 0.0857403233264928
579 0.440803591553432 2.81578198557987e-24 0.559364574920746 0.548544119264256 0.0857449900251958
580 0.440801601985779 2.47787834950751e-24 0.559366564689587 0.548541747285049 0.0857495937356811
581 0.44079963928483 2.18051570341773e-24 0.559368527589055 0.548539407211338 0.0857541353057417
582 0.440797703088629 1.91883115936777e-24 0.55937046398114 0.548537098616648 0.0857586155718236
583 0.440795793040073 1.68854498233154e-24 0.559372374222978 0.548534821080136 0.085763035359177
584 0.440793908786849 1.48589067884144e-24 0.559374258666918 0.548532574186513 0.0857673954820037
585 0.440792049981369 1.30755346435259e-24 0.559376117660581 0.548530357525974 0.0857716967436038
586 0.440790216280707 1.15061610550211e-24 0.559377951546925 0.548528170694129 0.0857759399365196
587 0.440788407346538 1.01251125365593e-24 0.559379760664308 0.548526013291929 0.0857801258426786
588 0.440786622845077 8.90979491963748e-25 0.559381545346547 0.548523884925603 0.0857842552335339
589 0.440784862447017 7.84032411301456e-25 0.559383305922981 0.548521785206585 0.085788328870203
590 0.440783125827471 6.89920112485135e-25 0.559385042718529 0.548519713751451 0.0857923475036048
591 0.440781412665913 6.07102604327056e-25 0.559386756053747 0.548517670181848 0.0857963118745949
592 0.44077972264612 5.34224630646569e-25 0.559388446244889 0.548515654124432 0.0858002227140991
593 0.440778055456112 4.7009351528226e-25 0.559390113603964 0.548513665210802 0.0858040807432454
594 0.440776410788102 4.13659663386873e-25 0.559391758438792 0.548511703077439 0.0858078866734936
595 0.440774788338433 3.63999400625134e-25 0.559393381053057 0.548509767365635 0.0858116412067638
596 0.440773187807525 3.20299870042665e-25 0.559394981746368 0.548507857721438 0.0858153450355632
597 0.440771608899826 2.81845739952991e-25 0.559396560814307 0.548505973795591 0.0858189988431112
598 0.44077005132375 2.48007505746362e-25 0.559398118548487 0.548504115243463 0.0858226033034628
599 0.440768514791631 2.18231194540281e-25 0.559399655236603 0.548502281724999 0.0858261590816299
600 0.440766999019666 1.92029304491133e-25 0.559401171162485 0.548500472904651 0.0858296668337022
601 0.440765503727867 1.68972830742547e-25 0.55940266660615 0.54849868845133 0.0858331272069658
602 0.440764028640006 1.48684247727355e-25 0.55940414184385 0.548496928038336 0.0858365408400195
603 0.440762573483571 1.30831333155737e-25 0.559405597148125 0.548495191343312 0.0858399083628914
604 0.44076113798971 1.15121732766692e-25 0.559407032787854 0.548493478048179 0.0858432303971522
605 0.440759721893187 1.0129817701764e-25 0.559408449028299 0.548491787839088 0.0858465075560282
606 0.440758324932329 8.91342715349377e-26 0.559409846131157 0.548490120406356 0.0858497404445122
607 0.440756946848984 7.84307925200177e-26 0.559411224354607 0.54848847544442 0.0858529296594733
608 0.44075558738847 6.90124265546457e-26 0.559412583953356 0.548486852651778 0.0858560757897648
609 0.440754246299528 6.07249015089833e-26 0.559413925178685 0.54848525173094 0.0858591794163314
610 0.440752923334281 5.34324616461411e-26 0.559415248278498 0.548483672388369 0.0858622411123141
611 0.440751618248184 4.70156456410281e-26 0.559416553497363 0.548482114334437 0.0858652614431547
612 0.440750330799982 4.13693311812739e-26 0.559417841076559 0.548480577283371 0.0858682409666984
613 0.440749060751666 3.64010141746179e-26 0.559419111254119 0.5484790609532 0.0858711802332944
614 0.440747807868427 3.20292944215299e-26 0.559420364264873 0.548477565065709 0.0858740797858969
615 0.440746571918617 2.81825429865195e-26 0.559421600340494 0.548476089346388 0.0858769401601629
616 0.440745352673704 2.47977294717144e-26 0.559422819709535 0.548474633524382 0.08587976188455
617 0.440744149908232 2.1819390010312e-26 0.559424022597476 0.548473197332448 0.0858825454804126
618 0.440742963399778 1.91987190981254e-26 0.55942520922676 0.548471780506902 0.0858852914620961
619 0.440741792928913 1.68927704062147e-26 0.559426379816838 0.548470382787576 0.0858880003370312
620 0.440740638279162 1.48637534995782e-26 0.559427534584207 0.54846900391777 0.0858906726058256
621 0.440739499236963 1.30784149551883e-26 0.55942867374245 0.548467643644207 0.0858933087623558
622 0.440738375591631 1.1507493752899e-26 0.559429797502274 0.54846630171699 0.0858959092938562
623 0.440737267135314 1.01252420274729e-26 0.55943090607155 0.548464977889554 0.0858984746810086
624 0.44073617366296 8.9090033390288e-27 0.559431999655349 0.548463671918625 0.0859010053980292
625 0.44073509497228 7.83884156004241e-27 0.559433078455983 0.548462383564174 0.0859035019127555
626 0.440734030863705 6.89721430503794e-27 0.559434142673039 0.548461112589379 0.085905964686731
627 0.440732981140358 6.06868555779438e-27 0.559435192503414 0.548459858760577 0.08590839417529
628 0.44073194560801 5.3396727921822e-27 0.559436228141357 0.548458621847227 0.08591079082764
629 0.440730924075049 4.69822444711366e-27 0.559437249778497 0.548457401621867 0.085913155086944
630 0.440729916352444 4.13382411276219e-27 0.559438257603885 0.548456197860072 0.0859154873904015
631 0.440728922253711 3.63721822229948e-27 0.559439251804024 0.548455010340419 0.0859177881693279
632 0.440727941594877 3.20026442805876e-27 0.559440232562904 0.548453838844441 0.0859200578492334
633 0.440726974194448 2.81579817954744e-27 0.559441200062038 0.548452683156591 0.0859222968499007
634 0.440726019873376 2.4775153186359e-27 0.559442154480492 0.548451543064205 0.0859245055854616
635 0.440725078455024 2.17986876941309e-27 0.55944309599492 0.548450418357462 0.085926684464473
636 0.440724149765137 1.91797763091e-27 0.559444024779595 0.548449308829347 0.0859288338899909
637 0.440723233631805 1.6875471839222e-27 0.559444941006442 0.548448214275611 0.0859309542596445
638 0.440722329885439 1.48479850183221e-27 0.55944584484507 0.548447134494743 0.0859330459657091
639 0.440721438358733 1.30640651256436e-27 0.5594467364628 0.548446069287922 0.0859351093951772
640 0.440720558886635 1.14944549717012e-27 0.559447616024701 0.548445018458993 0.0859371449298296
641 0.44071969130632 1.01134113230407e-27 0.559448483693613 0.548443981814422 0.0859391529463053
642 0.440718835457157 8.89828291001995e-28 0.559449339630185 0.548442959163266 0.0859411338161705
643 0.440717991180679 7.82913910465051e-28 0.559450183992897 0.548441950317142 0.085943087905986
644 0.440717158320558 6.88844318531365e-28 0.559451016938096 0.548440955090185 0.0859450155773752
645 0.440716336722571 6.06076483535504e-28 0.559451838620018 0.548439973299022 0.0859469171870894
646 0.440715526234576 5.33252716512274e-28 0.559452649190821 0.548439004762734 0.0859487930870738
647 0.440714726706481 4.69178411245638e-28 0.559453448800612 0.548438049302827 0.0859506436245315
648 0.440713937990219 4.12802457421468e-28 0.559454237597473 0.548437106743198 0.0859524691419874
649 0.440713159939719 3.63200005928753e-28 0.55945501572749 0.548436176910103 0.0859542699773507
650 0.440712392410879 3.19557303884348e-28 0.559455783334778 0.548435259632127 0.0859560464639773
651 0.440711635261544 2.81158350862098e-28 0.559456540561508 0.548434354740152 0.08595779893073
652 0.440710888351471 2.47373157643158e-28 0.559457287547935 0.548433462067328 0.0859595277020396
653 0.440710151542311 2.17647415058922e-28 0.559458024432423 0.548432581449041 0.0859612330979643
654 0.440709424697583 1.91493403601093e-28 0.559458751351467 0.548431712722885 0.0859629154342479
655 0.440708707682644 1.68481994803186e-28 0.559459468439724 0.548430855728631 0.0859645750223781
656 0.440708000364669 1.48235613287058e-28 0.559460175830031 0.5484300103082 0.0859662121696435
657 0.440707302612622 1.30422044109835e-28 0.559460873653437 0.548429176305631 0.0859678271791901
658 0.440706614297239 1.14748983898569e-28 0.559461562039221 0.548428353567059 0.0859694203500768
659 0.440705935290997 1.0095924644896e-28 0.559462241114917 0.54842754194068 0.0859709919773304
660 0.440705265468094 8.88265441901473e-29 0.55946291100634 0.54842674127673 0.0859725423519995
661 0.440704604704426 7.81517763555091e-29 0.559463571837607 0.548425951427452 0.0859740717612082
662 0.440703952877563 6.87597630042549e-29 0.559464223731159 0.548425172247074 0.085975580488209
663 0.440703309866727 6.04963713462961e-29 0.559464866807787 0.548424403591779 0.0859770688124341
664 0.44070267555277 5.32259872532051e-29 0.559465501186652 0.548423645319684 0.0859785370095474
665 0.440702049818152 4.68292904962978e-29 0.559466126985305 0.548422897290807 0.0859799853514951
666 0.440701432546919 4.12012972317149e-29 0.559466744319711 0.548422159367048 0.0859814141065551
667 0.440700823624681 3.6249637633388e-29 0.559467353304271 0.548421431412161 0.0859828235393869
668 0.440700222938594 3.1893040429732e-29 0.559467954051842 0.54842071329173 0.0859842139110801
669 0.440699630377336 2.80599994919601e-29 0.559468546673757 0.548420004873144 0.085985585479202
670 0.440699045831086 2.46876006066517e-29 0.559469131279848 0.548419306025574 0.0859869384978457
671 0.440698469191508 2.17204891915158e-29 0.559469707978461 0.548418616619949 0.0859882732176759
672 0.440697900351726 1.91099620242261e-29 0.559470276876484 0.548417936528932 0.0859895898859759
673 0.440697339206309 1.68131680876161e-29 0.559470838079359 0.548417265626895 0.0859908887466923
674 0.440696785651247 1.47924054237417e-29 0.559471391691104 0.548416603789902 0.0859921700404803
675 0.440696239583935 1.30145024636661e-29 0.559471937814336 0.54841595089568 0.0859934340047481
676 0.440695700903154 1.14502736850965e-29 0.559472476550284 0.5484153068236 0.0859946808737002
677 0.440695169509051 1.00740406689063e-29 0.559473007998812 0.548414671454656 0.0859959108783806
678 0.44069464530312 8.86321069809438e-30 0.559473532258435 0.548414044671441 0.0859971242467155
679 0.440694128188187 7.79790598643546e-30 0.559474049426336 0.548413426358126 0.085998321203555
680 0.440693618068389 6.86063745443725e-30 0.55947455959839 0.548412816400439 0.085999501970715
681 0.440693114849157 6.03601770085019e-30 0.559475062869173 0.548412214685648 0.086000666767017
682 0.4406926184372 5.31050846084958e-30 0.559475559331987 0.548411621102532 0.0860018158083295
683 0.440692128740486 4.67219840766883e-30 0.559476049078873 0.548411035541372 0.0860029493076074
684 0.440691645668226 4.1106076521788e-30 0.559476532200629 0.548410457893919 0.0860040674749308
685 0.440691169130858 3.61651573284071e-30 0.559477008786827 0.548409888053384 0.086005170517544
686 0.440690699040027 3.18181027379071e-30 0.559477478925829 0.548409325914414 0.086006258639894
687 0.440690235308574 2.79935382785835e-30 0.559477942704805 0.548408771373072 0.0860073320436677
688 0.440689777850516 2.46286671964016e-30 0.559478400209745 0.548408224326822 0.086008390927829
689 0.440689326581031 2.16682396623311e-30 0.55947885152548 0.548407684674504 0.086009435488656
690 0.440688881416443 1.906364584186e-30 0.559479296735696 0.548407152316324 0.0860104659197766
691 0.440688442274205 1.6772117944364e-30 0.559479735922945 0.548406627153829 0.0860114824122045
692 0.440688009072889 1.4756028157993e-30 0.559480169168667 0.54840610908989 0.0860124851543745
693 0.440687581732162 1.2982270948931e-30 0.559480596553201 0.548405598028686 0.0860134743321768
694 0.440687160172778 1.14217195880914e-30 0.559481018155801 0.548405093875689 0.0860144501289917
695 0.440686744316563 1.00487479862224e-30 0.559481434054651 0.548404596537639 0.0860154127257233
696 0.440686334086396 8.84080999000438e-31 0.559481844326876 0.548404105922535 0.0860163623008327
697 0.440685929406201 7.77806923457645e-31 0.559482249048564 0.548403621939613 0.0860172990303711
698 0.440685530200928 6.84307347752586e-31 0.55948264829477 0.548403144499332 0.0860182230880122
699 0.440685136396541 6.0204680692901e-31 0.559483042139538 0.548402673513357 0.0860191346450841
700 0.440684747920004 5.29674385715318e-31 0.559483430655911 0.548402208894541 0.0860200338706013
701 0.440684364699268 4.66001538508449e-31 0.559483813915945 0.548401750556915 0.0860209209312955
702 0.440683986663259 4.09982574884817e-31 0.559484191990724 0.548401298415663 0.0860217959916464
703 0.440683613741861 3.60697490325465e-31 0.559484564950368 0.548400852387114 0.086022659213912
704 0.440683245865907 3.17336860331297e-31 0.559484932864053 0.548400412388724 0.0860235107581592
705 0.440682882967163 2.79188549968429e-31 0.559485295800019 0.54839997833906 0.0860243507822922
706 0.440682524978318 2.45626020679188e-31 0.559485653825583 0.548399550157789 0.0860251794420826
707 0.440682171832971 2.16098042409654e-31 0.559486007007155 0.548399127765657 0.0860259968911978
708 0.440681823465617 1.90119642170238e-31 0.559486355410245 0.548398711084479 0.0860268032812294
709 0.440681479811637 1.67264140439827e-31 0.559486699099478 0.548398300037125 0.0860275987617209
710 0.440681140807285 1.47156144679697e-31 0.559487038138608 0.548397894547504 0.0860283834801959
711 0.440680806389677 1.29465384933464e-31 0.559487372590525 0.548397494540548 0.0860291575821847
712 0.440680476496778 1.1390129031179e-31 0.55948770251727 0.548397099942204 0.0860299212112519
713 0.440680151067392 1.00208217321999e-31 0.559488027980046 0.548396710679416 0.0860306745090222
714 0.440679830041149 8.8161251702926e-32 0.559488349039227 0.548396326680112 0.0860314176152068
715 0.440679513358496 7.75625148396631e-32 0.559488665754375 0.548395947873192 0.0860321506676295
716 0.440679200960685 6.8237914115969e-32 0.559488978184242 0.548395574188515 0.0860328738022518
717 0.440678892789761 6.00342838498403e-32 0.559489286386789 0.548395205556886 0.0860335871531981
718 0.440678588788552 5.28168698697364e-32 0.559489590419194 0.548394841910041 0.0860342908527806
719 0.440678288900661 4.64671164304167e-32 0.559489890337861 0.548394483180639 0.0860349850315236
720 0.440677993070451 4.08807191308834e-32 0.559490186198431 0.548394129302245 0.0860356698181876
721 0.440677701243038 3.59659118639816e-32 0.559490478055795 0.54839378020932 0.0860363453397935
722 0.440677413364279 3.16419596694653e-32 0.5594907659641 0.54839343583721 0.0860370117216453
723 0.440677129380765 2.78378327428601e-32 0.559491049976762 0.548393096122133 0.0860376690873539
724 0.440676849239805 2.44910398267184e-32 0.559491330146476 0.548392761001166 0.0860383175588599
725 0.440676572889426 2.15466018276939e-32 0.559491606525222 0.548392430412234 0.0860389572564558
726 0.440676300278351 1.89561488052094e-32 0.559491879164279 0.548392104294102 0.0860395882988083
727 0.440676031356001 1.66771255031481e-32 0.559492148114233 0.548391782586359 0.0860402108029806
728 0.44067576607248 1.467209237821e-32 0.559492413424988 0.548391465229409 0.0860408248844538
729 0.440675504378564 1.29081106466017e-32 0.559492675145768 0.54839115216446 0.0860414306571481
730 0.440675246225697 1.13562012503066e-32 0.559492933325138 0.548390843333515 0.086042028233444
731 0.440674991565978 9.99086885795562e-33 0.559493188011001 0.548390538679357 0.0860426177242033
732 0.440674740352154 8.78968308322365e-33 0.559493439250615 0.548390238145541 0.086043199238789
733 0.440674492537612 7.73291004322681e-33 0.559493687090601 0.548389941676386 0.0860437728850864
734 0.440674248076368 6.8031882060329e-33 0.559493931576945 0.548389649216959 0.0860443387695222
735 0.440674006923059 5.98524320367875e-33 0.559494172755015 0.548389360713072 0.0860448969970847
736 0.440673769032936 5.26563692696102e-33 0.559494410669563 0.548389076111264 0.086045447671343
737 0.440673534361856 4.63254678123443e-33 0.55949464536474 0.5483887953588 0.0860459908944663
738 0.440673302866271 4.07557147775502e-33 0.559494876884095 0.548388518403652 0.0860465267672427
739 0.440673074503224 3.58556017087955e-33 0.559495105270593 0.548388245194498 0.0860470553890978
740 0.440672849230337 3.15446213482864e-33 0.559495330566613 0.548387975680706 0.0860475768581132
741 0.440672627005805 2.77519451103683e-33 0.559495552813966 0.548387709812329 0.0860480912710445
742 0.440672407788389 2.44152595388468e-33 0.559495772053894 0.548387447540094 0.0860485987233397
743 0.440672191537408 2.14797426371013e-33 0.559495988327083 0.548387188815393 0.086049099309156
744 0.44067197821273 1.88971632571461e-33 0.55949620167367 0.548386933590273 0.0860495931213778
745 0.440671767774767 1.66250887548689e-33 0.559496412133246 0.54838668181743 0.0860500802516341
746 0.440671560184465 1.46261878968194e-33 0.559496619744868 0.548386433450196 0.0860505607903146
747 0.440671355403298 1.28676175683408e-33 0.559496824547068 0.548386188442537 0.0860510348265875
748 0.440671153393262 1.13204832092057e-33 0.559497026577853 0.548385946749037 0.086051502448415
749 0.440670954116866 9.95936411385926e-34 0.559497225874717 0.548385708324895 0.0860519637425703
750 0.440670757537127 8.76189579874833e-34 0.559497422474647 0.548385473125913 0.0860524187946534
751 0.440670563617562 7.70840257653623e-34 0.559497616414132 0.548385241108492 0.0860528676891069
752 0.440670372322179 6.78157430165567e-34 0.559497807729164 0.548385012229621 0.0860533105092317
753 0.440670183615477 5.96618197717772e-34 0.559497996455251 0.548384786446868 0.0860537473372024
754 0.44066999746243 5.24882755129066e-34 0.559498182627419 0.548384563718378 0.0860541782540824
755 0.440669813828491 4.61772379326955e-34 0.559498366280223 0.548384344002856 0.0860546033398393
756 0.440669632679576 4.06250063289864e-34 0.559498547447747 0.548384127259569 0.086055022673359
757 0.440669453982064 3.57403478199856e-34 0.559498726163617 0.548383913448331 0.0860554363324612
758 0.440669277702789 3.14429983914734e-34 0.559498902461002 0.548383702529501 0.0860558443939129
759 0.440669103809031 2.76623441514968e-34 0.559499076372625 0.548383494463972 0.0860562469334435
760 0.440668932268515 2.43362611282841e-34 0.559499247930765 0.548383289213165 0.0860566440257579
761 0.440668763049402 2.14100945514717e-34 0.559499417167263 0.548383086739024 0.0860570357445513
762 0.440668596120284 1.88357608480186e-34 0.559499584113532 0.548382887004005 0.0860574221625218
763 0.440668431450176 1.65709576000334e-34 0.559499748800559 0.548382689971071 0.0860578033513851
764 0.440668269008513 1.45784684852585e-34 0.559499911258911 0.548382495603687 0.0860581793818864
765 0.440668108765145 1.282555178128e-34 0.559500071518744 0.54838230386581 0.0860585503238147
766 0.440667950690328 1.12834023872855e-34 0.559500229609803 0.548382114721884 0.086058916246015
767 0.44066779475472 9.92667852492035e-35 0.559500385561434 0.548381928136835 0.0860592772164015
768 0.440667640929377 8.73308534234137e-35 0.559500539402583 0.54838174407606 0.0860596333019696
769 0.440667489185746 7.68300858037474e-35 0.559500691161806 0.548381562505425 0.0860599845688089
770 0.44066733949566 6.75919228212053e-35 0.559500840867274 0.548381383391258 0.0860603310821153
771 0.440667191831334 5.94645525090992e-35 0.559500988546774 0.54838120670034 0.0860606729062029
772 0.440667046165357 5.23144159810084e-35 0.559501134227719 0.548381032399903 0.0860610101045158
773 0.44066690247069 4.60240128225068e-35 0.559501277937152 0.548380860457619 0.0860613427396404
774 0.440666760720661 4.04899703392872e-35 0.559501419701748 0.548380690841599 0.0860616708733164
775 0.440666620888956 3.56213449392133e-35 0.559501559547824 0.548380523520384 0.0860619945664488
776 0.440666482949618 3.13381277395947e-35 0.559501697501337 0.54838035846294 0.0860623138791183
777 0.440666346877042 2.75699298462587e-35 0.559501833587897 0.548380195638653 0.0860626288705937
778 0.440666212645968 2.42548257028991e-35 0.559501967832766 0.548380035017322 0.0860629395993417
779 0.44066608023148 2.13383355062146e-35 0.559502100260863 0.548379876569153 0.0860632461230384
780 0.440665949608995 1.8772529967157e-35 0.559502230896772 0.548379720264758 0.0860635484985799
781 0.440665820754268 1.65152427087435e-35 0.559502359764742 0.548379566075142 0.0860638467820926
782 0.440665693643376 1.45293773593492e-35 0.559502486888698 0.548379413971704 0.0860641410289437
783 0.440665568252724 1.27822979562605e-35 0.559502612292237 0.548379263926231 0.0860644312937518
784 0.440665444559035 1.12452926430734e-35 0.55950273599864 0.548379115910887 0.0860647176303964
785 0.440665322539346 9.89310184876963e-36 0.55950285803087 0.548378969898217 0.0860650000920286
786 0.440665202171006 8.70350319576759e-36 0.559502978411582 0.548378825861134 0.0860652787310802
787 0.440665083431668 7.65694631634141e-36 0.559503097163124 0.548378683772917 0.0860655535992739
788 0.44066496629929 6.73623157682955e-36 0.559503214307541 0.548378543607208 0.086065824747633
789 0.440664850752128 5.92622743050058e-36 0.55950332986658 0.548378405338003 0.0860660922264903
790 0.440664736768731 5.21362175464985e-36 0.559503443861694 0.548378268939652 0.0860663560854981
791 0.440664624327937 4.58670308589986e-36 0.559503556314045 0.54837813438685 0.0860666163736369
792 0.440664513408873 4.03516815894113e-36 0.559503667244511 0.548378001654635 0.0860668731392245
793 0.440664403990947 3.54995258615142e-36 0.559503776673684 0.54837787071838 0.0860671264299254
794 0.440664296053845 3.12308189576951e-36 0.559503884621881 0.548377741553794 0.086067376292759
795 0.44066418957753 2.74754048082263e-36 0.559503991109141 0.548377614136913 0.086067622774109
796 0.440664084542234 2.41715630531041e-36 0.559504096155235 0.548377488444096 0.0860678659197315
797 0.440663980928457 2.12649947306838e-36 0.559504199779664 0.548377364452024 0.0860681057747637
798 0.440663878716962 1.87079299252356e-36 0.559504302001666 0.54837724213769 0.086068342383732
799 0.440663777888774 1.64583427095844e-36 0.559504402840219 0.548377121478401 0.0860685757905607
800 0.440663678425174 1.44792604820714e-36 0.559504502314044 0.548377002451769 0.0860688060385799
801 0.440663580307696 1.27381563481905e-36 0.559504600441609 0.548376885035709 0.0860690331705333
802 0.440663483518123 1.12064145618636e-36 0.559504697241131 0.548376769208435 0.0860692572285865
803 0.440663388038487 9.85886024186599e-37 0.559504792730584 0.548376654948455 0.086069478254335
804 0.44066329385106 8.6733456351167e-37 0.559504886927694 0.548376542234568 0.0860696962888109
805 0.440663200938355 7.6303861277584e-37 0.55950497984995 0.548376431045859 0.0860699113724919
806 0.440663109283124 6.71284002244423e-37 0.559505071514604 0.548376321361696 0.0860701235453076
807 0.440663018868349 5.90562681944929e-37 0.559505161938675 0.548376213161727 0.0860703328466478
808 0.440662929677243 5.19547937195364e-37 0.559505251138951 0.548376106425874 0.0860705393153691
809 0.440662841693247 4.57072584249785e-37 0.559505339131992 0.54837600113433 0.0860707429898026
810 0.440662754900026 4.02109787733656e-37 0.559505425934137 0.548375897267557 0.0860709439077608
811 0.440662669281466 3.53756184625892e-37 0.5595055115615 0.548375794806281 0.0860711421065447
812 0.44066258482167 3.11217037448526e-37 0.559505596029979 0.548375693731487 0.0860713376229504
813 0.440662501504957 2.73793172671613e-37 0.559505679355259 0.54837559402442 0.0860715304932766
814 0.440662419315858 2.40869489678154e-37 0.559505761552808 0.548375495666576 0.0860717207533304
815 0.440662338239113 2.11904851443696e-37 0.559505842637889 0.548375398639702 0.0860719084384351
816 0.440662258259669 1.86423190791759e-37 0.559505922625556 0.548375302925792 0.0860720935834355
817 0.440662179362676 1.64005686062642e-37 0.559506001530661 0.548375208507084 0.0860722762227053
818 0.440662101533486 1.44283877607653e-37 0.559506079367853 0.548375115366056 0.086072456390153
819 0.440662024757649 1.26933611982163e-37 0.559506156151585 0.548375023485421 0.0860726341192286
820 0.440661949020908 1.11669714313251e-37 0.559506231896113 0.548374932848129 0.0860728094429292
821 0.440661874309203 9.82413012844881e-38 0.559506306615501 0.548374843437357 0.0860729823938055
822 0.440661800608661 8.64276577084083e-38 0.559506380323621 0.548374755236514 0.0860731530039682
823 0.440661727905598 7.60346089192533e-38 0.559506453034159 0.548374668229228 0.0860733213050929
824 0.440661656186515 6.68913293670392e-38 0.559506524760617 0.548374582399352 0.0860734873284272
825 0.440661585438097 5.88475349626352e-38 0.55950659551631 0.548374497730957 0.0860736511047957
826 0.440661515647206 5.17710130302639e-38 0.559506665314377 0.548374414208329 0.0860738126646059
827 0.440661446800884 4.55454492722197e-38 0.559506734167778 0.548374331815966 0.0860739720378539
828 0.440661378886349 4.00685160318585e-38 0.559506802089296 0.548374250538575 0.0860741292541301
829 0.440661311890991 3.52501904352388e-38 0.559506869091545 0.548374170361073 0.0860742843426243
830 0.440661245802369 3.10112747697735e-38 0.559506935186962 0.548374091268577 0.0860744373321314
831 0.440661180608213 2.72820947819627e-38 0.559507000387822 0.548374013246408 0.086074588251057
832 0.440661116296417 2.40013545003388e-38 0.559507064706231 0.548373936280085 0.0860747371274219
833 0.440661052855041 2.11151287622295e-38 0.559507128154131 0.548373860355321 0.0860748839888681
834 0.440660990272305 1.85759768860915e-38 0.559507190743304 0.548373785458025 0.0860750288626634
835 0.440660928536587 1.63421629222e-38 0.559507252485369 0.548373711574294 0.0860751717757068
836 0.440660867636426 1.43769696660962e-38 0.559507313391793 0.548373638690417 0.0860753127545332
837 0.440660807560514 1.26480951601984e-38 0.559507373473883 0.548373566792862 0.0860754518253185
838 0.440660748297694 1.11271217646911e-38 0.559507432742797 0.548373495868287 0.0860755890138846
839 0.440660689836965 9.78904907149951e-39 0.559507491209539 0.548373425903526 0.0860757243457038
840 0.440660632167469 8.61188298443736e-39 0.559507548884965 0.548373356885592 0.0860758578459036
841 0.440660575278499 7.57627421172764e-39 0.559507605779785 0.548373288801674 0.0860759895392719
842 0.440660519159492 6.66520022920891e-39 0.559507661904563 0.548373221639135 0.0860761194502608
843 0.440660463800028 5.86368548700184e-39 0.559507717269721 0.548373155385507 0.0860762476029919
844 0.440660409189826 5.158555260962e-39 0.559507771885539 0.548373090028493 0.08607637402126
845 0.440660355318748 4.53821910321732e-39 0.559507825762158 0.548373025555961 0.0860764987285384
846 0.440660302176789 3.9924803325687e-39 0.559507878909582 0.548372961955942 0.0860766217479823
847 0.440660249754082 3.51236843351589e-39 0.55950793133768 0.548372899216631 0.086076743102434
848 0.440660198040893 3.08999160919128e-39 0.559507983056188 0.548372837326382 0.0860768628144263
849 0.440660147027619 2.71840706473019e-39 0.559508034074708 0.548372776273707 0.0860769809061874
850 0.440660096704788 2.3915068890214e-39 0.559508084402714 0.548372716047271 0.0860770973996447
851 0.440660047063056 2.10391765915521e-39 0.559508134049551 0.548372656635895 0.0860772123164288
852 0.440659998093205 1.85091211743226e-39 0.559508183024439 0.548372598028551 0.0860773256778775
853 0.440659949786141 1.62833146922125e-39 0.559508231336471 0.548372540214358 0.0860774375050401
854 0.440659902132895 1.43251702451853e-39 0.559508278994618 0.548372483182584 0.086077547818681
855 0.440659855124618 1.26025005963696e-39 0.55950832600773 0.548372426922643 0.0860776566392834
856 0.440659808752581 1.10869891055868e-39 0.559508372384536 0.54837237142409 0.0860777639870536
857 0.440659763008173 9.75372428347813e-40 0.559508418133649 0.548372316676622 0.0860778698819244
858 0.4406597178829 8.5807903158739e-40 0.559508463263563 0.548372262670077 0.0860779743435588
859 0.440659673368383 7.54890682799468e-40 0.559508507782659 0.548372209394428 0.0860780773913537
860 0.440659629456355 6.64111196739527e-40 0.559508551699203 0.548372156839785 0.0860781790444437
861 0.440659586138662 5.8424835965683e-40 0.559508595021351 0.548372104996392 0.0860782793217043
862 0.440659543407262 5.13989401251078e-40 0.559508637757146 0.548372053854625 0.0860783782417556
863 0.440659501254218 4.52179416162287e-40 0.559508679914525 0.548372003404988 0.0860784758229658
864 0.440659459671704 3.97802380310921e-40 0.559508721501317 0.548371953638117 0.0860785720834544
865 0.440659418651997 3.4996445005576e-40 0.559508762525243 0.548371904544772 0.086078667041096
866 0.440659378187481 3.07879269658814e-40 0.55950880299392 0.548371856115839 0.0860787607135229
867 0.440659338270642 2.70855045556427e-40 0.559508842914865 0.548371808342328 0.0860788531181291
868 0.440659298894067 2.38283174976224e-40 0.55950888229549 0.548371761215368 0.0860789442720731
869 0.440659260050445 2.09628241987904e-40 0.559508921143107 0.548371714726212 0.0860790341922813
870 0.440659221732562 1.8441921655212e-40 0.559508959464932 0.548371668866228 0.0860791228954509
871 0.440659183933302 1.62241711905149e-40 0.559508997268079 0.548371623626903 0.0860792103980533
872 0.440659146645648 1.42731173012774e-40 0.559509034559569 0.548371578999836 0.0860792967163368
873 0.440659109862674 1.25566884130698e-40 0.559509071346326 0.548371534976744 0.0860793818663301
874 0.44065907357755 1.10466696972413e-40 0.559509107635182 0.548371491549453 0.0860794658638446
875 0.440659037783539 9.71823928300542e-41 0.559509143432875 0.5483714487099 0.0860795487244782
876 0.440659002473992 8.54956024140684e-41 0.559509178746053 0.548371406450132 0.0860796304636174
877 0.440658967642354 7.5214216344777e-41 0.559509213581274 0.548371364762303 0.0860797110964405
878 0.440658933282156 6.61692272937986e-41 0.559509247945006 0.548371323638674 0.0860797906379205
879 0.440658899387018 5.82119518683851e-41 0.559509281843631 0.548371283071609 0.0860798691028277
880 0.440658865950646 5.12115865736134e-41 0.559509315283443 0.548371243053576 0.0860799465057326
881 0.440658832966829 4.50530576786813e-41 0.559509348270652 0.548371203577147 0.0860800228610085
882 0.440658800429444 3.9635129644521e-41 0.559509380811384 0.548371164634991 0.086080098182834
883 0.440658768332448 3.48687410199877e-41 0.559509412911682 0.548371126219878 0.0860801724851961
884 0.44065873666988 3.06755404528449e-41 0.559509444577506 0.548371088324676 0.0860802457818924
885 0.440658705435862 2.69865987511219e-41 0.559509475814737 0.54837105094235 0.0860803180865336
886 0.440658674624593 2.37412758242235e-41 0.559509506629176 0.548371014065959 0.0860803894125466
887 0.44065864423035 2.08862238789884e-41 0.559509537026544 0.548370977688655 0.0860804597731762
888 0.440658614247491 1.83745104855746e-41 0.559509567012488 0.548370941803686 0.0860805291814882
889 0.440658584670447 1.6164847098405e-41 0.559509596592574 0.548370906404387 0.0860805976503715
890 0.440658555493725 1.42209103508217e-41 0.559509625772297 0.548370871484188 0.0860806651925406
891 0.440658526711908 1.25107449670662e-41 0.559509654557075 0.548370837036604 0.0860807318205377
892 0.440658498319651 1.10062384767929e-41 0.559509682952253 0.548370803055239 0.0860807975467358
893 0.440658470311681 9.68265909758033e-42 0.559509710963104 0.548370769533784 0.08608086238334
894 0.440658442682797 8.51824918923763e-42 0.55950973859483 0.548370736466015 0.0860809263423902
895 0.440658415427868 7.49386759717006e-42 0.559509765852562 0.548370703845792 0.0860809894357637
896 0.440658388541833 6.59267500569066e-42 0.559509792741362 0.548370671667058 0.0860810516751767
897 0.4406583620197 5.79985712914857e-42 0.559509819266224 0.54837063992384 0.0860811130721872
898 0.440658335856542 5.10238119071195e-42 0.559509845432073 0.548370608610243 0.0860811736381965
899 0.440658310047503 4.48878168581722e-42 0.559509871243768 0.548370577720453 0.0860812333844517
900 0.440658284587787 3.94897190867102e-42 0.559509896706102 0.548370547248733 0.0860812923220477
901 0.440658259472668 3.47407814367896e-42 0.559509921823805 0.548370517189428 0.0860813504619292
902 0.440658234697482 3.05629379623739e-42 0.559509946601539 0.548370487536954 0.0860814078148928
903 0.440658210257628 2.68875106508442e-42 0.559509971043908 0.548370458285807 0.0860814643915891
904 0.440658186148566 2.36540804675264e-42 0.559509995155449 0.548370429430556 0.0860815202025244
905 0.440658162365821 2.08094941633689e-42 0.55951001894064 0.548370400965841 0.0860815752580628
906 0.440658138904976 1.83069905195716e-42 0.559510042403899 0.548370372886379 0.0860816295684283
907 0.440658115761673 1.61054316662636e-42 0.559510065549583 0.548370345186956 0.0860816831437064
908 0.440658092931615 1.41686268395321e-42 0.559510088381989 0.548370317862427 0.0860817359938461
909 0.440658070410562 1.24647374606047e-42 0.559510110905359 0.54837029090772 0.0860817881286618
910 0.440658048194333 1.09657537577629e-42 0.559510133123874 0.548370264317829 0.0860818395578352
911 0.4406580262788 9.6470343275875e-43 0.559510155041661 0.548370238087818 0.0860818902909167
912 0.440658004659895 8.48690106673689e-43 0.55951017666279 0.548370212212816 0.0860819403373277
913 0.440657983333603 7.4662828156435e-43 0.559510197991276 0.548370186688018 0.0860819897063619
914 0.440657962295962 6.56840185624768e-43 0.559510219031081 0.548370161508685 0.0860820384071873
915 0.440657941543068 5.77849811032675e-43 0.55951023978611 0.548370136670141 0.086082086448848
916 0.440657921071064 5.08358650470567e-43 0.55951026026022 0.548370112167774 0.0860821338402653
917 0.440657900876151 4.47224351483861e-43 0.559510280457211 0.548370087997036 0.08608218059024
918 0.440657880954576 3.93441937789039e-43 0.559510300380834 0.548370064153436 0.086082226707454
919 0.440657861302642 3.46127288840739e-43 0.559510320034791 0.548370040632549 0.0860822722004713
920 0.440657841916697 3.04502606088554e-43 0.559510339422729 0.548370017430006 0.0860823170777402
921 0.440657822793143 2.67883627011993e-43 0.559510358548251 0.5483699945415 0.0860823613475947
922 0.440657803928428 2.35668376752534e-43 0.559510377414907 0.54836997196278 0.0860824050182559
923 0.440657785319048 2.07327272437147e-43 0.559510396026201 0.548369949689653 0.0860824480978336
924 0.440657766961547 1.82394417523657e-43 0.55951041438559 0.548369927717984 0.0860824905943281
925 0.440657748852517 1.60459943060263e-43 0.559510432496483 0.548369906043693 0.0860825325156311
926 0.440657730988594 1.41163269961086e-43 0.559510450362244 0.548369884662755 0.0860825738695277
927 0.440657713366461 1.24187181539631e-43 0.559510467986189 0.5483698635712 0.0860826146636976
928 0.440657695982846 1.09252608861338e-43 0.559510485371594 0.548369842765112 0.0860826549057165
929 0.440657678834519 9.61140431940716e-44 0.559510502521684 0.548369822240626 0.0860826946030576
930 0.440657661918297 8.45555001438309e-44 0.559510519439646 0.548369801993932 0.086082733763093
931 0.440657645231038 7.43869691318592e-44 0.559510536128622 0.548369782021271 0.086082772393095
932 0.440657628769643 6.54412898475659e-44 0.559510552591711 0.548369762318933 0.0860828105002375
933 0.440657612531054 5.75714043305183e-44 0.55951056883197 0.54836974288326 0.0860828480915971
934 0.440657596512257 5.06479395095303e-44 0.559510584852415 0.548369723710643 0.0860828851741551
935 0.440657580710276 4.45570804590982e-44 0.559510600656021 0.548369704797521 0.0860829217547977
936 0.440657565122178 3.91986994123996e-44 0.559510616245724 0.548369686140383 0.0860829578403184
937 0.440657549745066 3.44847097743325e-44 0.559510631624418 0.548369667735764 0.0860829934374185
938 0.440657534576085 3.03376180767516e-44 0.559510646794959 0.548369649580247 0.0860830285527088
939 0.440657519612419 2.66892500719412e-44 0.559510661760165 0.548369631670459 0.0860830631927103
940 0.440657504851288 2.34796300229566e-44 0.559510676522814 0.548369614003077 0.0860830973638561
941 0.440657490289951 2.06559947678018e-44 0.559510691085649 0.548369596574818 0.086083131072492
942 0.440657475925703 1.81719263499126e-44 0.559510705451374 0.548369579382446 0.086083164324878
943 0.440657461755878 1.59865889564792e-44 0.559510719622657 0.548369562422769 0.0860831971271895
944 0.440657447777844 1.40640576208213e-44 0.559510733602129 0.548369545692638 0.086083229485518
945 0.440657433989005 1.23727276535116e-44 0.559510747392387 0.548369529188945 0.0860832614058728
946 0.4406574203868 1.08847950940101e-44 0.559510760995992 0.548369512908627 0.0860832928941818
947 0.440657406968703 9.57579964206404e-45 0.559510774415469 0.548369496848659 0.0860833239562928
948 0.440657393732222 8.42422255520702e-45 0.559510787653312 0.54836948100606 0.0860833545979742
949 0.440657380674898 7.41113290226884e-45 0.559510800711978 0.548369465377888 0.0860833848249165
950 0.440657367794308 6.51987635771582e-45 0.559510813593893 0.54836944996124 0.0860834146427332
951 0.44065735508806 5.73580142096037e-45 0.55951082630145 0.548369434753254 0.0860834440569617
952 0.440657342553792 5.04601855999843e-45 0.559510838837007 0.548369419751106 0.0860834730730645
953 0.440657330189178 4.43918831996884e-45 0.559510851202893 0.54836940495201 0.0860835016964303
954 0.440657317991921 3.90533491337694e-45 0.559510863401404 0.548369390353217 0.0860835299323747
955 0.440657305959757 3.43568222761219e-45 0.559510875434807 0.548369375952017 0.0860835577861414
956 0.44065729409045 3.02250955390379e-45 0.559510887305335 0.548369361745735 0.0860835852629031
957 0.440657282381796 2.65902466605492e-45 0.559510899015193 0.548369347731734 0.0860836123677627
958 0.440657270831621 2.33925216250681e-45 0.559510910566556 0.54836933390741 0.0860836391057537
959 0.44065725943778 2.05793523619492e-45 0.55951092196157 0.548369320270197 0.0860836654818418
960 0.440657248198157 1.8104492573974e-45 0.559510933202349 0.548369306817562 0.0860836915009252
961 0.440657237110664 1.59272574896818e-45 0.559510944290982 0.548369293547008 0.086083717167836
962 0.440657226173243 1.40118550418598e-45 0.559510955229529 0.548369280456069 0.0860837424873409
963 0.440657215383862 1.23267974774531e-45 0.55951096602002 0.548369267542315 0.0860837674641419
964 0.440657204740518 1.08443837263569e-45 0.559510976664459 0.548369254803348 0.0860837921028776
965 0.440657194241233 9.54024401975467e-46 0.559510987164824 0.548369242236801 0.0860838164081236
966 0.440657183884059 8.39293927197949e-46 0.559510997523064 0.548369229840342 0.0860838403843937
967 0.440657173667071 7.38360864013191e-46 0.559511007741103 0.548369217611669 0.0860838640361407
968 0.440657163588372 6.49565946767706e-46 0.559511017820838 0.548369205548509 0.0860838873677569
969 0.440657153646091 5.71449451499393e-46 0.559511027764143 0.548369193648624 0.0860839103835753
970 0.44065714383838 5.0272719928076e-46 0.559511037572862 0.548369181909804 0.0860839330878703
971 0.440657134163419 4.42269445368157e-46 0.559511047248819 0.548369170329868 0.0860839554848582
972 0.440657124619411 3.89082307114436e-46 0.559511056793809 0.548369158906666 0.0860839775786986
973 0.440657115204583 3.42291425337181e-46 0.559511066209605 0.548369147638077 0.0860839993734944
974 0.440657105917187 3.01127590550457e-46 0.559511075497957 0.548369136522008 0.0860840208732934
975 0.440657096755498 2.64914097768425e-46 0.559511084660588 0.548369125556394 0.0860840420820882
976 0.440657087717815 2.33055622005244e-46 0.559511093699201 0.5483691147392 0.0860840630038176
977 0.440657078802458 2.050284315944e-46 0.559511102615475 0.548369104068417 0.0860840836423672
978 0.440657070007774 1.8037177844316e-46 0.559511111411064 0.548369093542063 0.0860841040015695
979 0.440657061332127 1.58680323685453e-46 0.559511120087604 0.548369083158184 0.0860841240852059
980 0.440657052773907 1.3959747421754e-46 0.559511128646704 0.54836907291485 0.0860841438970059
981 0.440657044331525 1.22809520574854e-46 0.559511137089955 0.54836906281016 0.0860841634406489
982 0.440657036003413 1.08040479781719e-46 0.559511145418924 0.548369052842237 0.0860841827197645
983 0.440657027788023 9.5047558394763e-47 0.559511153635158 0.548369043009229 0.0860842017379329
984 0.440657019683831 8.36171611562784e-47 0.559511161740184 0.548369033309313 0.0860842204986863
985 0.440657011689331 7.35613796430952e-47 0.559511169735507 0.548369023740685 0.0860842390055086
986 0.440657003803039 6.4714903187266e-47 0.55951117762261 0.548369014301568 0.0860842572618369
987 0.44065699602349 5.69323012866134e-47 0.55951118540296 0.54836900499021 0.0860842752710617
988 0.440656988349239 5.00856328301728e-47 0.559511193078001 0.548368995804883 0.0860842930365275
989 0.44065698077886 4.40623428361177e-47 0.559511200649158 0.548368986743879 0.0860843105615335
990 0.440656973310949 3.87634121262114e-47 0.559511208117837 0.548368977805516 0.0860843278493345
991 0.440656965944118 3.41017295188935e-47 0.559511215485426 0.548368968988134 0.086084344903141
992 0.440656958676999 3.00006597811271e-47 0.559511222753293 0.548368960290097 0.0860843617261202
993 0.440656951508242 2.63927837972481e-47 0.559511229922787 0.548368951709788 0.0860843783213963
994 0.440656944436516 2.32187902441573e-47 0.559511236995241 0.548368943245614 0.0860843946920514
995 0.440656937460508 2.04265005528429e-47 0.559511243971967 0.548368934896003 0.0860844108411256
996 0.440656930578922 1.79700111273361e-47 0.55951125085426 0.548368926659405 0.0860844267716182
997 0.440656923790481 1.58089387198222e-47 0.559511257643401 0.54836891853429 0.0860844424864876
998 0.440656917093922 1.39077565564346e-47 0.559511264340648 0.548368910519149 0.0860844579886524
999 0.440656910488003 1.22352103001293e-47 0.559511270947247 0.548368902612494 0.0860844732809915
1000 0.440656903971497 1.07638042494954e-47 0.559511277464423 0.548368894812856 0.0860844883663448
