"G" "DA2D2" "DA2Y" "DD2Y"
1 -0.166647487235265 -0.083361128709016 0.499883457742291
2 -0.161980138418786 -0.080999405252974 0.499869018041887
3 -0.162225376909676 -0.0811044744489941 0.499822759731555
4 -0.162195779839576 -0.0810774970509105 0.499763536632051
5 -0.162175312741649 -0.0810560999829304 0.49969548252102
6 -0.162151390496661 -0.0810328129672783 0.499619650154243
7 -0.162125398450493 -0.0810078724433475 0.499536180374824
8 -0.162097466599889 -0.080981105044289 0.499444869697609
9 -0.162067614393681 -0.0809523617596652 0.499345342946063
10 -0.162035784114104 -0.0809214890760469 0.49923712008226
11 -0.162001874946781 -0.0808883269315243 0.499119646716428
12 -0.161965758131163 -0.0808527068510904 0.498992309052792
13 -0.161927285086101 -0.0808144508614453 0.498854441052786
14 -0.161886291780783 -0.0807733706938471 0.498705327379996
15 -0.161842600997516 -0.0807292670918311 0.498544203960591
16 -0.161796023377583 -0.0806819291449636 0.498370257155503
17 -0.16174635775781 -0.0806311336164625 0.498182622098279
18 -0.16169339109 -0.0805766442516154 0.497980380509473
19 -0.161636898111456 -0.0805182110616849 0.497762558162866
20 -0.161576640863189 -0.0804555695811533 0.497528122102591
21 -0.161512368111224 -0.0803884400975181 0.497275977667532
22 -0.161443814702839 -0.0803165268535109 0.497004965355482
23 -0.161370700876119 -0.080239517222008 0.496713857546491
24 -0.1612927315337 -0.0801570808542391 0.496401355097855
25 -0.16120959548735 -0.0800688688022089 0.496066083819874
26 -0.161120964677828 -0.0799745126166104 0.495706590840191
27 -0.161026493373332 -0.0798736234218796 0.495321340864598
28 -0.1609258173494 -0.0797657909704994 0.494908712342991
29 -0.160818553053099 -0.0796505826791275 0.494466993550601
30 -0.160704296754517 -0.0795275426497025 0.493994378596477
31 -0.160582623688965 -0.0793961906792742 0.493488963373435
32 -0.160453087193792 -0.0792560212630176 0.492948741466237
33 -0.160315217844306 -0.0791065025956336 0.492371600037715
34 -0.160168522594004 -0.0789470755772009 0.491755315715769
35 -0.160012483925053 -0.0787771528304679 0.491097550507803
36 -0.159846559015853 -0.0785961177375924 0.49039584777312
37 -0.159670178933429 -0.0784033235054669 0.489647628288158
38 -0.159482747859409 -0.0781980922699617 0.488850186444186
39 -0.159283642359485 -0.0779797142507478 0.488000686622258
40 -0.159072210707384 -0.0777474469697648 0.487096159795731
41 -0.158847772275701 -0.0775005145479144 0.486133500416676
42 -0.158609617007248 -0.0772381070961704 0.485109463648838
43 -0.158357004982009 -0.0769593802189904 0.484020663016551
44 -0.158089166096285 -0.0766634546496993 0.48286356854614
45 -0.157805299872131 -0.0763494160393593 0.481634505483708
46 -0.157504575416786 -0.0760163149225522 0.480329653680906
47 -0.157186131553388 -0.0756631668854186 0.478945047748073
48 -0.156849077145861 -0.0752889529632506 0.477476578082075
49 -0.156492491642455 -0.074892620296831 0.475919992883988
50 -0.156115425863883 -0.0744730830785497 0.474270901289463
51 -0.155716903063434 -0.0740292238210478 0.47252477774183
52 -0.155295920287661 -0.0735598949826715 0.470676967744722
53 -0.15485145006729 -0.073063920985324 0.4687226951368
54 -0.15438244246874 -0.0725401006612687 0.466657071035866
55 -0.153887827537068 -0.0719872101660253 0.464475104602904
56 -0.153366518161142 -0.0714040063945604 0.462171715778013
57 -0.152817413391326 -0.0707892309374581 0.459741750139409
58 -0.152239402238824 -0.0701416146125092 0.45717999603324
59 -0.15163136798402 -0.0694598826050791 0.454481204115425
60 -0.150992193018528 -0.0687427602475914 0.451640109436564
61 -0.15032076424211 -0.0679889794643398 0.448651456186762
62 -0.149615979031099 -0.0671972859025319 0.445510025198384
63 -0.148876751789352 -0.0663664467638218 0.442210664280882
64 -0.148102021085881 -0.0654952593425341 0.438748321432476
65 -0.147290757375317 -0.0645825602671934 0.43511808093822
66 -0.146441971287955 -0.0636272354308446 0.431315202322598
67 -0.145554722465497 -0.0626282305828992 0.427335162077079
68 -0.14462812890665 -0.0615845625409306 0.423173698029042
69 -0.143661376773575 -0.0604953309650266 0.418826856158309
70 -0.142653730595935 -0.0593597306201057 0.414291039601639
71 -0.141604543794093 -0.0581770640332518 0.40956305951461
72 -0.140513269427142 -0.0569467544338666 0.404640187385289
73 -0.139379471055246 -0.0556683588446668 0.399520208316286
74 -0.138202833589494 -0.0543415811717126 0.39420147471277
75 -0.136983173986765 -0.0529662851222652 0.388682959735819
76 -0.135720451632265 -0.0515425067609862 0.382964309805276
77 -0.134414778239207 -0.0500704664984605 0.377045895366704
78 -0.133066427084009 -0.0485505802920328 0.370928859075926
79 -0.131675841387145 -0.0469834698282502 0.364615160504884
80 -0.130243641644998 -0.0453699714496105 0.358107616437338
81 -0.128770631717318 -0.0437111435865815 0.351409935805176
82 -0.127257803478817 -0.0420082724596906 0.344526748318737
83 -0.125706339852462 -0.0402628758264882 0.337463625869991
84 -0.124117616056481 -0.0384767045648073 0.330227095837773
85 -0.122493198917245 -0.0366517419072545 0.322824645500833
86 -0.120834844125872 -0.0347902001722906 0.31526471686781
87 -0.119144491347625 -0.0328945148743801 0.307556691363005
88 -0.117424257129177 -0.0309673361390089 0.299710863961528
89 -0.11567642558921 -0.0290115173970424 0.291738406544584
90 -0.113903436921438 -0.0270301013859087 0.283651320441637
91 -0.112107873784934 -0.0250263035409796 0.275462378336287
92 -0.110292445703288 -0.023003492917806 0.267185055931386
93 -0.108459971640118 -0.0209651708426741 0.258833453989658
94 -0.106613360962282 -0.0189149475434975 0.250422211582212
95 -0.104755593042244 -0.0168565170633883 0.241966411581542
96 -0.102889695785973 -0.014793630803561 0.233481479621012
97 -0.101018723401142 -0.012730070078833 0.224983077902704
98 -0.0991457337411295 -0.0106696180964332 0.21648699536409
99 -0.0972737655725746 -0.00861603178604131 0.208009035806384
100 -0.0954058161174381 -0.00657301391518439 0.199564905640184
101 -0.0935448192145358 -0.00454418591901684 0.191170102915026
102 -0.0916936244305041 -0.00253306185724383 0.182839809268336
103 -0.0898549774266873 -0.000543023884083338 0.174588786357184
104 -0.0880315018573752 0.00142270041931986 0.166431278225912
105 -0.0862256830373299 0.00336105854535645 0.158380920918292
106 -0.0844398535739969 0.00526919114000807 0.150450660469702
107 -0.0826761811137463 0.00714444746538273 0.142652680219156
108 -0.0809366583035074 0.00898439810664298 0.134998338169694
109 -0.0792230950208966 0.010786844845134 0.127498114905779
110 -0.0775371128788706 0.0125498276783683 0.120161572354986
111 -0.0758801419664898 0.0142716290236202 0.112997323465098
112 -0.0742534197467263 0.0159507751936309 0.106013012662803
113 -0.0726579919963566 0.0175860352791327 0.0992153067717307
114 -0.0710947156425731 0.0191764176125479 0.0926098958997411
115 -0.0695642633264483 0.0207211640197049 0.0862015036614606
116 -0.0680671295050101 0.0222197420913834 0.0799939059838838
117 -0.0666036378913687 0.0236718357239541 0.073989957651557
118 -0.0651739500258484 0.0250773341885001 0.0681916256832794
119 -0.0637780747699593 0.0264363199911115 0.0626000285934862
120 -0.0624158785187628 0.0277490557841304 0.0572154805768676
121 -0.0610870959350632 0.0290159705797745 0.052037539662032
122 -0.0597913410201878 0.030237645504652 0.0470650589064835
123 -0.058528118350163 0.0314147993170634 0.0422962397478958
124 -0.0572968343221315 0.0325482738895975 0.0377286866825564
125 -0.0560968082731974 0.0336390198382038 0.0333594625079041
126 -0.0549272833519082 0.0346880824564638 0.0291851434392987
127 -0.0537874370407192 0.0356965880909346 0.0252018734888912
128 -0.0526763912455716 0.036665731070776 0.021405417574175
129 -0.0515932218857548 0.0375967612829761 0.017791212903399
130 -0.0505369679332065 0.0384909724637256 0.0143544182626655
131 -0.0495066398651086 0.0393496912572378 0.011089960903744
132 -0.0485012275069181 0.040174267075724 0.00799258080126736
133 -0.0475197072547248 0.0409660627785431 0.00505687211217865
134 -0.0465610486760507 0.0417264461747184 0.00227732172851336
135 -0.04562422049689 0.0424567823411636 -0.000351655133489226
136 -0.0447081959900191 0.0431584267389347 -0.00283568231944215
137 -0.0438119577854442 0.04383271910162 -0.00518039307035623
138 -0.0429345021284207 0.044480978063427 -0.00739140324293519
139 -0.0420748426139023 0.0451044964895115 -0.00947428732859956
140 -0.041232013428651 0.0457045374674404 -0.0114345571613151
141 -0.0404050721337483 0.0462823309162667 -0.0132776431873308
142 -0.039593102020958 0.0468390707683279 -0.0150088781573651
143 -0.0387952140764732 0.0473759126784141 -0.0166334830931609
144 -0.0380105485851249 0.0478939722152605 -0.0181565553751339
145 -0.0372382764072417 0.0483943234912347 -0.019583058795583
146 -0.0364775999591357 0.0488779981875058 -0.0209178154221816
147 -0.0357277539267211 0.0493459849337928 -0.0221654991187746
148 -0.0349880057401331 0.0497992290038616 -0.0233306305744959
149 -0.0342576558354512 0.0502386322902371 -0.024417573697534
150 -0.0335360377278193 0.0506650535239994 -0.0254305332362065
151 -0.0328225179184175 0.0510793087079946 -0.0263735534970766
152 -0.0321164956559216 0.0514821717342798 -0.0272505180374152
153 -0.0314174025713211 0.0518743751590535 -0.0280651502171986
154 -0.0307247022032549 0.0522566111107072 -0.0288210145038315
155 -0.0300378894294112 0.0526295323089145 -0.0295215184307954
156 -0.0293564898180037 0.0529937531748493 -0.0301699151192895
157 -0.0286800589119183 0.0533498510146744 -0.0307693062796055
158 -0.0280081814567985 0.0536983672603558 -0.0313226456163475
159 -0.0273404705831196 0.0540398087536435 -0.0318327425686612
160 -0.0266765669511944 0.0543746490606973 -0.0323022663233031
161 -0.0260161378670371 0.0547033298063443 -0.0327337500446575
162 -0.0253588763760948 0.0550262620183319 -0.03312959527168
163 -0.0247045003410348 0.055343827473183 -0.0334920764371946
164 -0.0240527515090318 0.0556563800363905 -0.0338233454700233
165 -0.0234033945733391 0.0559642469906991 -0.0341254364450658
166 -0.0227562162333361 0.0562677303471343 -0.034400270250708
167 -0.0221110242567261 0.0565671081342422 -0.0346496592468217
168 -0.0214676465470888 0.0568626356617307 -0.0348753118901565
169 -0.0208259302195851 0.0571545467553357 -0.0350788373071219
170 -0.0201857406872523 0.057443054960301 -0.0352617497968573
171 -0.0195469607600009 0.0577283547113583 -0.035425473250087
172 -0.0189094897581541 0.0580106224675273 -0.0355713454715961
173 -0.0182732426421118 0.058290017810437 -0.0357006223962559
174 -0.017638149159512 0.0585666845052069 -0.0358144821903918
175 -0.0170041530110606 0.0588407515232108 -0.035914029231944
176 -0.0163712110360361 0.0591123340263053 -0.0360002979643478
177 -0.0157392924183185 0.059381534312319 -0.0360742566203581
178 -0.0151083779136583 0.059648442721795 -0.0361368108131926
179 -0.0144784590987802 0.0599131385061347 -0.036188806993371
180 -0.0138495376428033 0.0601756906574458 -0.0362310357705201
181 -0.0132216246013665 0.0604361587005057 -0.0362642351001764
182 -0.0125947397337509 0.0606945934473708 -0.0362890933362915
183 -0.0119689108432146 0.0609510377152417 -0.0363062521507248
184 -0.0113441731406771 0.0612055270082812 -0.0363163093215042
185 -0.0107205686318214 0.0614580901641397 -0.0363198213920658
186 -0.0100981455276184 0.0617087499660086 -0.0363173062040409
187 -0.00947695767821841 0.0619575237210616 -0.0363092453064645
188 -0.00885706403009789 0.0622044238061883 -0.036296086244536
189 -0.00823852810630168 0.0624494581819592 -0.0362782447312653
190 -0.0076214175095681 0.0626926308757826 -0.0362561067055055
191 -0.00700580344808419 0.0629339424352426 -0.0362300302800092
192 -0.00639176028357505 0.0631733903526211 -0.0362003475832371
193 -0.00577936510139199 0.0634109694616166 -0.0361673664987209
194 -0.00516869730223204 0.0636466723072871 -0.03613137230583
195 -0.00455983821508382 0.0638804894902452 -0.0360926292258053
196 -0.00395287073097286 0.0641124099861321 -0.036051381876937
197 -0.00334787895704303 0.0643424214414045 -0.0360078566427354
198 -0.00274494789049581 0.0645705104464533 -0.0359622629569236
199 -0.0021441631118814 0.0647966627870719 -0.0359147945090239
200 -0.00154561049721907 0.0650208636752779 -0.0358656303742669
201 -0.000949375948410158 0.0652430979604867 -0.0358149360714698
202 -0.000355545141387886 0.0654633503220064 -0.0357628645524631
203 0.000235796708556585 0.0656816054438266 -0.0357095571265562
204 0.00082456506484721 0.0658978481726348 -0.0356551443234425
205 0.00141067627167238 0.0661120636599902 -0.0355997466978436
206 0.00199404774059611 0.0663242374895524 -0.0355434755790951
207 0.0025745981223165 0.0665343557902435 -0.0354864337687681
208 0.00315224746415849 0.0667424053361986 -0.0354287161893106
209 0.00372691735388653 0.0669483736343303 -0.0353704104865843
210 0.00429853105041889 0.0671522490003096 -0.0353115975890602
211 0.00486701360202232 0.0673540206237379 -0.0352523522263216
212 0.00543229195255715 0.0675536786232557 -0.0351927434094083
213 0.00599429503633711 0.067751214092306 -0.0351328348754316
214 0.0065529538621604 0.0679466191362419 -0.035072685498761
215 0.0071082015870535 0.0681398869014365 -0.0350123496709929
216 0.00765997358026618 0.0683310115970318 -0.034951877651784
217 0.00820820747803611 0.0685199885099225 -0.0348913158925366
218 0.00875284322963521 0.0687068140135516 -0.0348307073348156
219 0.00929382313519259 0.068891485571062 -0.0347700916852685
220 0.00983109187577755 0.0690740017333225 -0.0347095056687304
221 0.0103645965362087 0.0692543621323119 -0.0346489832610907
222 0.0108942866210461 0.0694325674703299 -0.0345885559034107
223 0.0114201140641991 0.0696086195054625 -0.0345282526986881
224 0.0119420332325794 0.0697825210337178 -0.0344681005925788
225 0.0124600009242007 0.0699542758682085 -0.0344081245393044
226 0.0129739763611216 0.0701238888157464 -0.0343483476538927
227 0.013483921177606 0.0702913656511801 -0.0342887913518242
228 0.0139897994038613 0.0704567130897906 -0.0342294754770842
229 0.0144915774457046 0.0706199387580322 -0.0341704184195493
230 0.0149892240604819 0.0707810511628918 -0.0341116372225788
231 0.0154827103295588 0.0709400596601102 -0.0340531476816114
232 0.0159720096276863 0.0710969744215017 -0.0339949644345117
233 0.0164570975895215 0.0712518064015749 -0.0339371010443613
234 0.0169379520735826 0.0714045673036545 -0.0338795700753298
235 0.0174145531238923 0.0715552695456788 -0.0338223831622144
236 0.017886882929555 0.0717039262258309 -0.0337655510741968
237 0.0183549257825028 0.0718505510881557 -0.0337090837733129
238 0.0188186680336246 0.0719951584882882 -0.0336529904681023
239 0.0192780980474888 0.0721377633594164 -0.0335972796628548
240 0.0197332061558529 0.0722783811785825 -0.0335419592028485
241 0.0201839846101426 0.07241702793342 -0.0334870363159357
242 0.0206304275330738 0.0725537200894056 -0.0334325176507975
243 0.0210725308695772 0.072688474557706 -0.0333784093121737
244 0.021510292337178 0.0728213086636789 -0.033324716893335
245 0.0219437113759698 0.0729522401160848 -0.03327144550605
246 0.0223727890983159 0.0730812869770597 -0.0332185998082713
247 0.0227975282383991 0.0732084676328856 -0.033166184029751
248 0.023217933101734 0.073333800765593 -0.0331142019957704
249 0.0236340095147472 0.0734573053254224 -0.0330626571491566
250 0.0240457647745219 0.0735790005041663 -0.0330115525707413
251 0.0244532075987976 0.073698905709406 -0.0329608909984032
252 0.0248563480763068 0.0738170405396547 -0.0329106748448175
253 0.0252551976175243 0.0739334247604145 -0.032860906214037
254 0.0256497689058973 0.0740480782811463 -0.0328115869169994
255 0.0260400758496223 0.0741610211331576 -0.0327627184860609
256 0.0264261335340214 0.0742722734483969 -0.0327143021886433
257 0.026807958174573 0.0743818554391523 -0.0326663390400649
258 0.0271855670706416 0.0744897873786434 -0.0326188298156325
259 0.0275589785599492 0.0745960895824936 -0.0325717750620529
260 0.0279282119738229 0.0747007823910701 -0.0325251751082204
261 0.0282932875932543 0.0748038861526742 -0.0324790300754341
262 0.0286542266057948 0.0749054212075671 -0.0324333398870874
263 0.0290110510633163 0.0750054078728108 -0.0323881042778754
264 0.0293637838406526 0.0751038664279047 -0.0323433228025534
265 0.0297124485951436 0.0752008171011991 -0.0322989948442816
266 0.0300570697270933 0.0752962800570612 -0.0322551196225872
267 0.030397672341155 0.0753902753837769 -0.0322116962009701
268 0.0307342822086512 0.0754828230821591 -0.0321687234941769
269 0.0310669257308346 0.0755739430548483 -0.0321262002751646
270 0.0313956299030932 0.0756636550962747 -0.0320841251817766
271 0.0317204222801028 0.0757519788832649 -0.0320424967231452
272 0.0320413309419243 0.0758389339662686 -0.0320013132858393
273 0.0323583844610443 0.0759245397611796 -0.0319605731397731
274 0.0326716118703552 0.0760088155417342 -0.0319202744438852
275 0.0329810426320693 0.0760917804324592 -0.0318804152516052
276 0.0332867066075583 0.0761734534021509 -0.0318409935161147
277 0.0335886340281113 0.0762538532578609 -0.0318020070954144
278 0.0338868554666028 0.076332998639371 -0.0317634537572081
279 0.0341814018100559 0.0764109080141306 -0.0317253311836088
280 0.0344723042330935 0.0764875996726399 -0.0316876369756759
281 0.0347595941722633 0.0765630917242607 -0.0316503686577934
282 0.0350433033012233 0.0766374020934291 -0.0316135236818906
283 0.0353234635067727 0.0767105485162562 -0.0315770994315163
284 0.035600106865716 0.0767825485374949 -0.0315410932257659
285 0.0358732656225455 0.0768534195078609 -0.0315055023230771
286 0.0361429721679214 0.0769231785816782 -0.0314703239248862
287 0.0364092590179419 0.0769918427148474 -0.0314355551791594
288 0.0366721587941805 0.0770594286631084 -0.0314011931838005
289 0.0369317042044757 0.0771259529805868 -0.0313672349899367
290 0.0371879280244595 0.07719143201861 -0.0313336776050896
291 0.0374408630798035 0.0772558819247732 -0.0313005179962343
292 0.0376905422291679 0.0773193186422474 -0.0312677530927491
293 0.0379369983478366 0.0773817579093097 -0.0312353797892589
294 0.0381802643120209 0.077443215259088 -0.0312033949483796
295 0.0384203729838143 0.0775037060195036 -0.0311717954033588
296 0.0386573571967828 0.0775632453134018 -0.0311405779606247
297 0.0388912497421719 0.0776218480588584 -0.0311097394022386
298 0.0391220833557157 0.0776795289696504 -0.0310792764882588
299 0.0393498907050293 0.0777363025558807 -0.0310491859590157
300 0.0395747043775706 0.0777921831247473 -0.0310194645373021
301 0.0397965568691513 0.0778471847814463 -0.0309901089304806
302 0.040015480572986 0.0779013214301991 -0.0309611158325105
303 0.0402315077692585 0.0779546067753975 -0.0309324819258974
304 0.0404446706151933 0.0780070543228543 -0.0309042038835664
305 0.0406550011356152 0.0780586773811546 -0.0308762783706618
306 0.0408625312139818 0.0781094890630994 -0.0308487020462774
307 0.0410672925838744 0.0781595022872333 -0.0308214715651153
308 0.0412693168209317 0.0782087297794493 -0.0307945835790782
309 0.0414686353352146 0.0782571840746667 -0.0307680347387982
310 0.0416652793639836 0.0783048775185726 -0.0307418216951018
311 0.0418592799648793 0.078351822269422 -0.0307159411004116
312 0.0420506680094896 0.0783980302998939 -0.030690389610093
313 0.0422394741772912 0.0784435133989926 -0.0306651638837396
314 0.0424257289499544 0.0784882831739945 -0.0306402605864046
315 0.0426094626059935 0.0785323510524316 -0.0306156763897788
316 0.0427907052157569 0.0785757282841103 -0.0305914079733145
317 0.0429694866367408 0.0786184259431607 -0.0305674520253013
318 0.0431458365092141 0.0786604549301089 -0.0305438052438908
319 0.0433197842521467 0.0787018259739733 -0.0305204643380743
320 0.0434913590594274 0.0787425496343817 -0.0304974260286157
321 0.0436605898963601 0.0787826363036975 -0.0304746870489394
322 0.043827505496431 0.0788220962091646 -0.030452244145974
323 0.0439921343583315 0.0788609394150578 -0.0304300940809569
324 0.0441545047432327 0.0788991758248401 -0.0304082336301961
325 0.0443146446722962 0.0789368151833248 -0.0303866595857955
326 0.0444725819244166 0.0789738670788381 -0.030365368756341
327 0.0446283440341824 0.0790103409453826 -0.0303443579675512
328 0.0447819582900494 0.0790462460647955 -0.0303236240628926
329 0.0449334517327178 0.0790815915689042 -0.0303031639041614
330 0.0450828511537018 0.0791163864416747 -0.0302829743720322
331 0.0452301830940872 0.0791506395213507 -0.0302630523665756
332 0.0453754738434676 0.079184359502584 -0.0302433948077448
333 0.0455187494390511 0.079217554938554 -0.0302239986358337
334 0.0456600356649306 0.0792502342430731 -0.0302048608119061
335 0.0457993580515117 0.0792824056926785 -0.0301859783181966
336 0.0459367418750893 0.0793140774287118 -0.030167348158488
337 0.0460722121575677 0.0793452574593773 -0.0301489673584597
338 0.0462057936663176 0.0793759536617885 -0.0301308329660153
339 0.0463375109141631 0.0794061737839938 -0.0301129420515834
340 0.0464673881594935 0.0794359254469847 -0.0300952917083983
341 0.0465954494064935 0.0794652161466833 -0.0300778790527562
342 0.0467217184054866 0.0794940532559123 -0.0300607012242542
343 0.0468462186533859 0.0795224440263414 -0.030043755386005
344 0.0469689733942478 0.0795503955904148 -0.0300270387248338
345 0.0470900056199226 0.0795779149632569 -0.0300105484514585
346 0.0472093380707978 0.0796050090445538 -0.0299942818006486
347 0.0473269932366292 0.079631684620416 -0.0299782360313682
348 0.0474429933574554 0.0796579483652156 -0.0299624084269037
349 0.0475573604245912 0.0796838068434016 -0.029946796294973
350 0.047670116181696 0.0797092665112935 -0.029931396967822
351 0.0477812821259124 0.0797343337188475 -0.029916207802304
352 0.0478908795090726 0.0797590147114048 -0.0299012261799475
353 0.0479989293389666 0.0797833156314117 -0.0298864495070083
354 0.048105452380671 0.0798072425201182 -0.0298718752145093
355 0.0482104691579341 0.0798308013192532 -0.0298575007582695
356 0.0483139999546122 0.0798539978726753 -0.0298433236189186
357 0.0484160648161569 0.0798768379279993 -0.0298293413019015
358 0.0485166835511475 0.0798993271382003 -0.0298155513374719
359 0.0486158757328696 0.0799214710631942 -0.0298019512806764
360 0.0487136607009299 0.0799432751713937 -0.0297885387113257
361 0.0488100575629133 0.0799647448412413 -0.0297753112339605
362 0.0489050851960725 0.0799858853627197 -0.0297622664778036
363 0.0489987622490516 0.0800067019388384 -0.0297494020967085
364 0.0490911071436391 0.0800271996870962 -0.0297367157690943
365 0.0491821380765511 0.0800473836409246 -0.029724205197878
366 0.0492718730212368 0.0800672587511035 -0.0297118681103945
367 0.0493603297297109 0.0800868298871577 -0.0296997022583136
368 0.049447525734406 0.0801061018387311 -0.0296877054175467
369 0.0495334783500455 0.0801250793169376 -0.0296758753881498
370 0.0496182046755333 0.08014376695569 -0.0296642099942183
371 0.0497017215958607 0.0801621693130086 -0.029652707083778
372 0.049784045784027 0.0801802908723079 -0.0296413645286678
373 0.0498651937029722 0.0801981360436604 -0.0296301802244207
374 0.0499451816075227 0.0802157091650435 -0.0296191520901357
375 0.050024025546344 0.0802330145035608 -0.0296082780683495
376 0.0501017413639038 0.0802500562566464 -0.0295975561249003
377 0.0501783447024413 0.0802668385532488 -0.0295869842487885
378 0.0502538510039407 0.0802833654549925 -0.0295765604520342
379 0.0503282755121109 0.0802996409573232 -0.0295662827695303
380 0.0504016332743672 0.0803156689906313 -0.029556149258892
381 0.0504739391438145 0.0803314534213559 -0.0295461580003034
382 0.0505452077812333 0.0803469980530738 -0.029536307096361
383 0.0506154536570625 0.0803623066275644 -0.0295265946719143
384 0.0506846910533844 0.0803773828258606 -0.0295170188739041
385 0.0507529340659045 0.0803922302692799 -0.0295075778711965
386 0.050820196605931 0.0804068525204378 -0.0294982698544184
387 0.0508864924023482 0.0804212530842437 -0.0294890930357864
388 0.0509518350035871 0.0804354354088799 -0.0294800456489376
389 0.0510162377795898 0.0804494028867638 -0.0294711259487556
390 0.0510797139237673 0.0804631588554924 -0.0294623322111969
391 0.0511422764549523 0.0804767065987712 -0.0294536627331156
392 0.0512039382193419 0.0804900493473275 -0.0294451158320844
393 0.051264711892435 0.0805031902798054 -0.0294366898462186
394 0.0513246099809595 0.0805161325236483 -0.0294283831339948
395 0.0513836448247904 0.0805288791559636 -0.0294201940740716
396 0.0514418285988594 0.0805414332043736 -0.0294121210651072
397 0.0514991733150525 0.08055379764785 -0.0294041625255792
398 0.0515556908240992 0.0805659754175359 -0.0293963168936002
399 0.0516113928174482 0.0805779693975517 -0.0293885826267356
400 0.0516662908291343 0.0805897824257874 -0.02938095820182
401 0.0517203962376312 0.0806014172946807 -0.0293734421147736
402 0.0517737202676936 0.0806128767519819 -0.0293660328804176
403 0.0518262739921866 0.0806241635015055 -0.0293587290322903
404 0.0518780683339013 0.0806352802038671 -0.0293515291224632
405 0.0519291140673586 0.0806462294772096 -0.0293444317213566
406 0.0519794218205994 0.0806570138979152 -0.0293374354175556
407 0.05202900207696 0.0806676360013046 -0.0293305388176259
408 0.0520778651768357 0.0806780982823243 -0.0293237405459307
409 0.0521260213194286 0.0806884031962228 -0.0293170392444477
410 0.0521734805644822 0.0806985531592137 -0.0293104335725853
411 0.0522202528340013 0.0807085505491268 -0.029303922207001
412 0.0522663479139569 0.0807183977060491 -0.029297503841419
413 0.0523117754559778 0.0807280969329536 -0.0292911771864493
414 0.0523565449790253 0.0807376504963174 -0.0292849409694073
415 0.0524006658710548 0.0807470606267284 -0.0292787939341325
416 0.0524441473906616 0.0807563295194822 -0.0292727348408108
417 0.0524869986687113 0.0807654593351677 -0.0292667624657948
418 0.0525292287099554 0.0807744522002437 -0.0292608756014273
419 0.0525708463946317 0.0807833102076029 -0.0292550730558628
420 0.0526118604800488 0.0807920354171287 -0.0292493536528929
421 0.0526522796021558 0.080800629856241 -0.0292437162317715
422 0.0526921122770964 0.0808090955204324 -0.0292381596470393
423 0.0527313669027472 0.0808174343737956 -0.0292326827683519
424 0.0527700517602412 0.08082564834954 -0.0292272844803076
425 0.0528081750154751 0.0808337393505023 -0.0292219636822764
426 0.0528457447206017 0.0808417092496445 -0.0292167192882299
427 0.0528827688155069 0.0808495598905462 -0.029211550226573
428 0.0529192551292699 0.080857293087887 -0.0292064554399756
429 0.0529552113816104 0.0808649106279201 -0.0292014338852071
430 0.0529906451843177 0.080872414268939 -0.0291964845329703
431 0.0530255640426668 0.0808798057417346 -0.0291916063677379
432 0.0530599753568171 0.0808870867500453 -0.0291867983875888
433 0.053093886423198 0.080894258971 -0.0291820596040477
434 0.053127304435877 0.0809013240555508 -0.0291773890419243
435 0.0531602364879142 0.0809082836289012 -0.0291727857391534
436 0.0531926895727008 0.080915139290925 -0.0291682487466376
437 0.0532246705852837 0.0809218926165787 -0.0291637771280919
438 0.0532561863236734 0.0809285451563067 -0.029159369959887
439 0.0532872434901385 0.0809350984364394 -0.0291550263308957
440 0.0533178486924845 0.0809415539595841 -0.0291507453423406
441 0.0533480084453187 0.0809479132050103 -0.0291465261076432
442 0.0533777291712989 0.0809541776290275 -0.0291423677522731
443 0.0534070172023693 0.0809603486653557 -0.0291382694136005
444 0.0534358787809812 0.0809664277254915 -0.0291342302407476
445 0.0534643200612985 0.080972416199067 -0.0291302493944448
446 0.05349234711039 0.0809783154542011 -0.0291263260468835
447 0.0535199659094075 0.0809841268378487 -0.0291224593815756
448 0.0535471823547489 0.0809898516761383 -0.0291186485932104
449 0.0535740022592081 0.0809954912747093 -0.0291148928875139
450 0.0536004313531108 0.0810010469190406 -0.0291111914811107
451 0.0536264752854361 0.0810065198747738 -0.0291075436013856
452 0.0536521396249257 0.081011911388032 -0.0291039484863478
453 0.0536774298611772 0.0810172226857311 -0.0291004053844957
454 0.0537023514057271 0.0810224549758896 -0.0290969135546829
455 0.0537269095931174 0.0810276094479285 -0.0290934722659874
456 0.0537511096819508 0.08103268727297 -0.0290900807975789
457 0.0537749568559326 0.0810376896041286 -0.0290867384385907
458 0.053798456224899 0.081042617576799 -0.0290834444879908
459 0.0538216128258329 0.0810474723089374 -0.0290801982544557
460 0.053844431623867 0.0810522549013407 -0.0290769990562446
461 0.0538669175132742 0.0810569664379177 -0.0290738462210749
462 0.0538890753184453 0.0810616079859582 -0.0290707390860005
463 0.0539109097948542 0.0810661805963975 -0.0290676769972891
464 0.0539324256300119 0.0810706853040743 -0.0290646593103033
465 0.0539536274444065 0.0810751231279869 -0.0290616853893809
466 0.053974519792433 0.0810794950715439 -0.0290587546077179
467 0.0539951071633095 0.0810838021228105 -0.0290558663472522
468 0.054015393981983 0.0810880452547507 -0.0290530199985488
469 0.054035384610023 0.0810922254254667 -0.0290502149606859
470 0.0540550833465029 0.0810963435784327 -0.0290474506411427
471 0.0540744944288714 0.0811004006427257 -0.0290447264556892
472 0.0540936220338107 0.0811043975332525 -0.0290420418282751
473 0.0541124702780854 0.0811083351509719 -0.0290393961909223
474 0.0541310432193792 0.0811122143831157 -0.0290367889836174
475 0.0541493448571202 0.0811160361034026 -0.0290342196542054
476 0.0541673791332972 0.081119801172251 -0.0290316876582855
477 0.0541851499332633 0.0811235104369885 -0.0290291924591071
478 0.0542026610865299 0.0811271647320564 -0.0290267335274677
479 0.05421991636755 0.0811307648792108 -0.0290243103416113
480 0.054236919496491 0.0811343116877221 -0.0290219223871303
481 0.054253674139998 0.081137805954571 -0.029019569156864
482 0.0542701839119454 0.0811412484646381 -0.029017250150803
483 0.05428645237418 0.0811446399908957 -0.0290149648759929
484 0.0543024830372539 0.0811479812945914 -0.0290127128464377
485 0.0543182793611463 0.0811512731254322 -0.0290104935830074
486 0.054333844755978 0.0811545162217638 -0.0290083066133439
487 0.0543491825827135 0.0811577113107475 -0.0290061514717697
488 0.0543642961538566 0.0811608591085343 -0.0290040276991972
489 0.0543791887341337 0.0811639603204359 -0.0290019348430393
490 0.0543938635411708 0.0811670156410936 -0.0289998724571211
491 0.0544083237461586 0.0811700257546432 -0.0289978401015916
492 0.0544225724745108 0.0811729913348785 -0.028995837342839
493 0.0544366128065122 0.0811759130454115 -0.0289938637534043
494 0.0544504477779583 0.0811787915398304 -0.0289919189118976
495 0.054464080380787 0.0811816274618541 -0.0289900024029148
496 0.0544775135636996 0.0811844214454857 -0.0289881138169561
497 0.0544907502327766 0.0811871741151619 -0.0289862527503448
498 0.0545037932520815 0.0811898860859016 -0.0289844188051473
499 0.0545166454442593 0.0811925579634509 -0.0289826115890937
500 0.0545293095911252 0.0811951903444263 -0.0289808307155004
501 0.0545417884342454 0.0811977838164555 -0.0289790758031933
502 0.0545540846755104 0.0812003389583156 -0.028977346476431
503 0.0545662009777005 0.0812028563400701 -0.028975642364831
504 0.0545781399650426 0.0812053365232025 -0.0289739631032943
505 0.0545899042237603 0.0812077800607484 -0.0289723083319333
506 0.0546014963026164 0.0812101874974251 -0.0289706776959996
507 0.054612918713447 0.0812125593697606 -0.028969070845812
508 0.0546241739316891 0.0812148962062179 -0.0289674874366869
509 0.0546352643969007 0.0812171985273188 -0.0289659271288691
510 0.0546461925132733 0.0812194668457674 -0.0289643895874628
511 0.0546569606501382 0.0812217016665682 -0.0289628744823634
512 0.0546675711424646 0.0812239034871442 -0.0289613814881929
513 0.0546780262913517 0.0812260727974546 -0.0289599102842321
514 0.0546883283645136 0.081228210080107 -0.0289584605543558
515 0.0546984795967576 0.0812303158104711 -0.0289570319869701
516 0.0547084821904553 0.0812323904567886 -0.0289556242749472
517 0.0547183383160083 0.0812344344802833 -0.028954237115565
518 0.0547280501123056 0.0812364483352663 -0.0289528702104436
519 0.0547376196871771 0.0812384324692434 -0.0289515232654856
520 0.0547470491178382 0.0812403873230186 -0.0289501959908158
521 0.0547563404513297 0.081242313330795 -0.0289488881007222
522 0.0547654957049512 0.0812442109202764 -0.0289475993135974
523 0.0547745168666885 0.0812460805127669 -0.0289463293518809
524 0.0547834058956347 0.081247922523267 -0.0289450779420021
525 0.0547921647224059 0.0812497373605703 -0.028943844814325
526 0.0548007952495503 0.0812515254273578 -0.0289426297030923
527 0.0548092993519524 0.0812532871202907 -0.0289414323463699
528 0.0548176788772309 0.0812550228301017 -0.0289402524859949
529 0.0548259356461316 0.0812567329416861 -0.0289390898675209
530 0.0548340714529136 0.0812584178341889 -0.0289379442401666
531 0.0548420880657317 0.0812600778810932 -0.0289368153567632
532 0.0548499872270124 0.0812617134503055 -0.0289357029737037
533 0.0548577706538241 0.0812633249042404 -0.0289346068508931
534 0.0548654400382435 0.0812649125999041 -0.0289335267516978
535 0.0548729970477155 0.0812664768889759 -0.0289324624428975
536 0.0548804433254091 0.0812680181178893 -0.0289314136946363
537 0.054887780490567 0.0812695366279106 -0.0289303802803751
538 0.0548950101388513 0.0812710327552185 -0.0289293619768449
539 0.0549021338426847 0.0812725068309798 -0.0289283585640006
540 0.0549091531515845 0.0812739591814254 -0.028927369824974
541 0.054916069592495 0.0812753901279248 -0.0289263955460303
542 0.0549228846701131 0.0812767999870606 -0.0289254355165226
543 0.0549295998672095 0.0812781890706994 -0.0289244895288487
544 0.0549362166449465 0.0812795576860639 -0.028923557378407
545 0.0549427364431897 0.0812809061358021 -0.0289226388635545
546 0.0549491606808162 0.081282234718057 -0.0289217337855644
547 0.0549554907560189 0.0812835437265353 -0.0289208419485842
548 0.0549617280466047 0.0812848334505715 -0.0289199631595961
549 0.0549678739102908 0.0812861041751975 -0.0289190972283748
550 0.0549739296849943 0.081287356181204 -0.028918243967449
551 0.05497989668912 0.0812885897452066 -0.0289174031920617
552 0.0549857762218421 0.0812898051397077 -0.028916574720131
553 0.0549915695633836 0.0812910026331585 -0.0289157583722128
554 0.0549972779752903 0.08129218249002 -0.0289149539714625
555 0.055002902700702 0.0812933449708234 -0.0289141613435983
556 0.0550084449646185 0.0812944903322279 -0.0289133803168636
557 0.0550139059741636 0.0812956188270804 -0.0289126107219922
558 0.0550192869188436 0.0812967307044722 -0.0289118523921718
559 0.0550245889708032 0.0812978262097949 -0.0289111051630093
560 0.055029813285077 0.081298905584796 -0.0289103688724955
561 0.0550349609998382 0.081299969067635 -0.0289096433609718
562 0.0550400332366432 0.0813010168929353 -0.0289089284710967
563 0.0550450311006722 0.0813020492918383 -0.0289082240478107
564 0.055049955680968 0.0813030664920552 -0.0289075299383062
565 0.0550548080506697 0.0813040687179192 -0.0289068459919929
566 0.0550595892672431 0.0813050561904347 -0.0289061720604678
567 0.0550643003727094 0.0813060291273284 -0.0289055079974826
568 0.0550689423938693 0.081306987743098 -0.028904853658913
569 0.0550735163425236 0.0813079322490607 -0.0289042089027288
570 0.055078023215692 0.0813088628534001 -0.028903573588963
571 0.055082463995827 0.081309779761214 -0.0289029475796826
572 0.0550868396510266 0.0813106831745602 -0.0289023307389591
573 0.0550911511352421 0.0813115732925014 -0.0289017229328399
574 0.055095399388485 0.0813124503111514 -0.0289011240293202
575 0.055099585337028 0.0813133144237175 -0.0289005338983139
576 0.0551037098936068 0.0813141658205453 -0.0288999524116268
577 0.0551077739576155 0.0813150046891604 -0.0288993794429294
578 0.0551117784153014 0.0813158312143116 -0.0288988148677297
579 0.0551157241399564 0.0813166455780115 -0.028898258563347
580 0.0551196119921049 0.0813174479595771 -0.0288977104088854
581 0.0551234428196906 0.0813182385356715 -0.0288971702852079
582 0.0551272174582588 0.0813190174803424 -0.0288966380749128
583 0.0551309367311372 0.0813197849650603 -0.0288961136623057
584 0.055134601449614 0.0813205411587593 -0.0288955969333776
585 0.0551382124131134 0.0813212862278733 -0.0288950877757789
586 0.055141770409367 0.081322020336372 -0.028894586078796
587 0.0551452762145866 0.0813227436458014 -0.0288940917333279
588 0.0551487305936296 0.0813234563153163 -0.028893604631863
589 0.0551521343001659 0.081324158501718 -0.0288931246684544
590 0.0551554880768402 0.0813248503594879 -0.0288926517387007
591 0.0551587926554334 0.0813255320408236 -0.0288921857397201
592 0.0551620487570203 0.081326203695672 -0.0288917265701306
593 0.0551652570921253 0.0813268654717624 -0.0288912741300277
594 0.0551684183608781 0.081327517514641 -0.0288908283209627
595 0.0551715332531624 0.0813281599677012 -0.0288903890459223
596 0.055174602448768 0.0813287929722182 -0.0288899562093077
597 0.0551776266175364 0.0813294166673783 -0.0288895297169133
598 0.0551806064195061 0.0813300311903114 -0.0288891094759077
599 0.0551835425050563 0.0813306366761204 -0.0288886953948128
600 0.0551864355150469 0.0813312332579128 -0.0288882873834849
601 0.0551892860809581 0.0813318210668287 -0.0288878853530953
602 0.0551920948250269 0.0813324002320717 -0.0288874892161106
603 0.0551948623603818 0.0813329708809362 -0.0288870988862747
604 0.0551975892911762 0.0813335331388366 -0.0288867142785902
605 0.0552002762127191 0.0813340871293354 -0.0288863353092993
606 0.0552029237116043 0.0813346329741698 -0.028885961895867
607 0.0552055323658373 0.0813351707932797 -0.0288855939569627
608 0.0552081027449612 0.0813357007048344 -0.0288852314124425
609 0.0552106354101796 0.0813362228252578 -0.0288848741833329
610 0.0552131309144793 0.0813367372692552 -0.0288845221918129
611 0.0552155898027494 0.0813372441498392 -0.0288841753611977
612 0.0552180126118997 0.0813377435783539 -0.028883833615922
613 0.0552203998709777 0.0813382356644997 -0.0288834968815243
614 0.0552227521012831 0.0813387205163587 -0.0288831650846297
615 0.055225069816481 0.0813391982404172 -0.0288828381529359
616 0.0552273535227133 0.0813396689415912 -0.0288825160151954
617 0.0552296037187089 0.0813401327232475 -0.0288821986012023
618 0.055231820895892 0.0813405896872287 -0.028881885841776
619 0.0552340055384883 0.0813410399338746 -0.0288815776687461
620 0.0552361581236308 0.0813414835620447 -0.0288812740149388
621 0.0552382791214633 0.0813419206691402 -0.0288809748141611
622 0.0552403689952425 0.081342351351126 -0.0288806800011878
623 0.0552424282014383 0.0813427757025513 -0.0288803895117462
624 0.0552444571898338 0.081343193816571 -0.0288801032825035
625 0.0552464564036221 0.0813436057849659 -0.0288798212510522
626 0.0552484262795035 0.0813440116981644 -0.0288795433558966
627 0.0552503672477799 0.08134441164526 -0.0288792695364407
628 0.0552522797324482 0.0813448057140339 -0.0288789997329735
629 0.0552541641512932 0.0813451939909722 -0.0288787338866572
630 0.0552560209159777 0.0813455765612869 -0.0288784719395142
631 0.0552578504321325 0.0813459535089329 -0.0288782138344146
632 0.0552596530994444 0.081346324916628 -0.0288779595150637
633 0.0552614293117429 0.081346690865871 -0.0288777089259901
634 0.0552631794570866 0.0813470514369591 -0.0288774620125336
635 0.0552649039178467 0.0813474067090058 -0.0288772187208332
636 0.0552666030707911 0.0813477567599593 -0.0288769789978155
637 0.0552682772871654 0.0813481016666189 -0.0288767427911837
638 0.0552699269327744 0.081348441504652 -0.0288765100494059
639 0.0552715523680616 0.0813487763486112 -0.0288762807217036
640 0.0552731539481874 0.0813491062719505 -0.0288760547580417
641 0.0552747320231066 0.0813494313470416 -0.0288758321091163
642 0.0552762869376442 0.0813497516451904 -0.0288756127263455
643 0.0552778190315714 0.0813500672366522 -0.0288753965618578
644 0.0552793286396779 0.0813503781906466 -0.0288751835684825
645 0.055280816091847 0.0813506845753746 -0.0288749736997383
646 0.0552822817131252 0.0813509864580318 -0.0288747669098256
647 0.0552837258237946 0.0813512839048249 -0.028874563153613
648 0.0552851487394419 0.0813515769809843 -0.0288743623866313
649 0.0552865507710272 0.0813518657507806 -0.0288741645650613
650 0.0552879322249518 0.0813521502775376 -0.028873969645725
651 0.055289293403125 0.081352430623647 -0.0288737775860768
652 0.0552906346030299 0.0813527068505809 -0.0288735883441936
653 0.0552919561177876 0.0813529790189066 -0.0288734018787663
654 0.0552932582362222 0.0813532471882997 -0.0288732181490898
655 0.0552945412429225 0.0813535114175568 -0.0288730371150558
656 0.055295805418305 0.0813537717646096 -0.0288728587371424
657 0.0552970510386742 0.0813540282865357 -0.0288726829764065
658 0.0552982783762835 0.081354281039573 -0.0288725097944759
659 0.0552994876993939 0.0813545300791322 -0.028872339153539
660 0.0553006792723331 0.0813547754598068 -0.0288721710163385
661 0.0553018533555524 0.0813550172353877 -0.0288720053461631
662 0.0553030102056842 0.0813552554588741 -0.028871842106838
663 0.0553041500755971 0.0813554901824842 -0.0288716812627193
664 0.055305273214452 0.0813557214576683 -0.0288715227786842
665 0.0553063798677556 0.0813559493351194 -0.0288713666201246
666 0.0553074702774141 0.0813561738647839 -0.0288712127529395
667 0.0553085446817866 0.0813563950958742 -0.0288710611435269
668 0.0553096033157359 0.0813566130768769 -0.0288709117587772
669 0.0553106464106806 0.0813568278555664 -0.0288707645660659
670 0.0553116741946455 0.0813570394790136 -0.0288706195332458
671 0.0553126868923106 0.0813572479935964 -0.0288704766286415
672 0.0553136847250613 0.0813574534450109 -0.0288703358210408
673 0.0553146679110353 0.0813576558782803 -0.0288701970796894
674 0.0553156366651713 0.0813578553377652 -0.0288700603742829
675 0.0553165911992553 0.0813580518671744 -0.0288699256749612
676 0.0553175317219669 0.0813582455095726 -0.0288697929523016
677 0.0553184584389249 0.0813584363073915 -0.0288696621773129
678 0.0553193715527321 0.0813586243024385 -0.0288695333214278
679 0.0553202712630194 0.0813588095359052 -0.0288694063564984
680 0.0553211577664896 0.0813589920483787 -0.0288692812547886
681 0.0553220312569601 0.0813591718798477 -0.0288691579889692
682 0.0553228919254051 0.081359349069713 -0.0288690365321115
683 0.0553237399599977 0.0813595236567961 -0.0288689168576807
684 0.0553245755461503 0.0813596956793475 -0.0288687989395316
685 0.0553253988665558 0.0813598651750546 -0.0288686827519019
686 0.0553262101012266 0.0813600321810506 -0.0288685682694069
687 0.0553270094275348 0.0813601967339229 -0.0288684554670336
688 0.0553277970202504 0.0813603588697204 -0.0288683443201362
689 0.0553285730515791 0.081360518623962 -0.0288682348044293
690 0.0553293376912009 0.081360676031644 -0.0288681268959846
691 0.0553300911063061 0.0813608311272483 -0.0288680205712232
692 0.0553308334616323 0.0813609839447494 -0.0288679158069127
693 0.0553315649195002 0.0813611345176223 -0.0288678125801609
694 0.0553322856398493 0.0813612828788499 -0.0288677108684112
695 0.0553329957802725 0.0813614290609296 -0.0288676106494379
696 0.0553336954960504 0.0813615730958814 -0.0288675119013404
697 0.0553343849401858 0.0813617150152545 -0.0288674146025401
698 0.0553350642634363 0.0813618548501334 -0.028867318731774
699 0.0553357336143479 0.0813619926311466 -0.028867224268091
700 0.0553363931392871 0.0813621283884715 -0.0288671311908477
701 0.0553370429824726 0.0813622621518418 -0.028867039479702
702 0.0553376832860075 0.0813623939505545 -0.0288669491146116
703 0.0553383141899096 0.0813625238134754 -0.0288668600758273
704 0.0553389358321424 0.0813626517690462 -0.028866772343889
705 0.0553395483486452 0.0813627778452904 -0.0288666858996228
706 0.0553401518733623 0.0813629020698192 -0.0288666007241352
707 0.0553407465382733 0.081363024469838 -0.0288665167988108
708 0.0553413324734205 0.0813631450721524 -0.0288664341053055
709 0.0553419098069385 0.081363263903174 -0.0288663526255456
710 0.0553424786650817 0.0813633809889256 -0.0288662723417219
711 0.0553430391722517 0.0813634963550482 -0.028866193236286
712 0.0553435914510249 0.0813636100268054 -0.0288661152919475
713 0.055344135622179 0.0813637220290893 -0.0288660384916694
714 0.0553446718047191 0.0813638323864261 -0.0288659628186639
715 0.0553452001159047 0.0813639411229822 -0.02886588825639
716 0.0553457206712737 0.0813640482625681 -0.0288658147885494
717 0.0553462335846693 0.0813641538286439 -0.0288657423990822
718 0.0553467389682638 0.081364257844326 -0.0288656710721646
719 0.0553472369325835 0.0813643603323902 -0.0288656007922045
720 0.0553477275865328 0.0813644613152777 -0.0288655315438386
721 0.0553482110374178 0.0813645608151001 -0.0288654633119291
722 0.0553486873909701 0.0813646588536436 -0.0288653960815601
723 0.0553491567513693 0.0813647554523743 -0.0288653298380339
724 0.0553496192212669 0.0813648506324434 -0.0288652645668693
725 0.0553500749018073 0.0813649444146902 -0.0288652002537972
726 0.0553505238926507 0.0813650368196485 -0.0288651368847572
727 0.0553509662919948 0.0813651278675502 -0.0288650744458958
728 0.0553514021965963 0.0813652175783294 -0.0288650129235625
729 0.055351831701792 0.081365305971628 -0.0288649523043075
730 0.0553522549015192 0.0813653930667987 -0.0288648925748768
731 0.0553526718883368 0.0813654788829097 -0.0288648337222128
732 0.0553530827534454 0.0813655634387491 -0.0288647757334479
733 0.0553534875867072 0.0813656467528296 -0.0288647185959041
734 0.0553538864766653 0.0813657288433907 -0.0288646622970888
735 0.0553542795105635 0.0813658097284045 -0.028864606824693
736 0.055354666774365 0.0813658894255792 -0.0288645521665886
737 0.0553550483527718 0.0813659679523621 -0.0288644983108243
738 0.0553554243292422 0.0813660453259445 -0.0288644452456254
739 0.05535579478601 0.0813661215632653 -0.0288643929593891
740 0.0553561598041022 0.0813661966810143 -0.0288643414406833
741 0.0553565194633561 0.081366270695636 -0.0288642906782434
742 0.0553568738424376 0.0813663436233334 -0.0288642406609699
743 0.0553572230188581 0.0813664154800709 -0.0288641913779264
744 0.0553575670689911 0.0813664862815793 -0.0288641428183367
745 0.0553579060680892 0.0813665560433571 -0.0288640949715829
746 0.0553582400903007 0.0813666247806762 -0.0288640478272031
747 0.0553585692086854 0.0813666925085834 -0.0288640013748882
748 0.055358893495231 0.0813667592419047 -0.0288639556044811
749 0.0553592130208685 0.0813668249952478 -0.0288639105059729
750 0.0553595278554876 0.0813668897830067 -0.0288638660695026
751 0.0553598380679527 0.081366953619363 -0.0288638222853528
752 0.0553601437261168 0.0813670165182903 -0.0288637791439498
753 0.0553604448968374 0.0813670784935569 -0.0288637366358591
754 0.0553607416459908 0.081367139558729 -0.0288636947517855
755 0.055361034038486 0.0813671997271734 -0.0288636534825703
756 0.0553613221382793 0.0813672590120598 -0.0288636128191884
757 0.0553616060083887 0.0813673174263654 -0.028863572752748
758 0.0553618857109068 0.0813673749828766 -0.0288635332744868
759 0.0553621613070149 0.0813674316941915 -0.028863494375772
760 0.0553624328569962 0.0813674875727233 -0.028863456048097
761 0.0553627004202494 0.0813675426307031 -0.0288634182830799
762 0.0553629640553007 0.0813675968801818 -0.0288633810724623
763 0.055363223819818 0.0813676503330334 -0.0288633444081067
764 0.0553634797706221 0.0813677030009582 -0.0288633082819948
765 0.0553637319637001 0.0813677548954836 -0.028863272686226
766 0.0553639804542171 0.0813678060279683 -0.0288632376130162
767 0.0553642252965288 0.0813678564096038 -0.0288632030546947
768 0.0553644665441924 0.0813679060514172 -0.028863169003704
769 0.0553647042499798 0.081367954964274 -0.0288631354525971
770 0.0553649384658874 0.0813680031588797 -0.0288631023940368
771 0.0553651692431488 0.0813680506457824 -0.028863069820793
772 0.0553653966322458 0.081368097435376 -0.0288630377257416
773 0.0553656206829187 0.0813681435379007 -0.0288630061018638
774 0.0553658414441779 0.0813681889634469 -0.0288629749422432
775 0.0553660589643144 0.0813682337219572 -0.0288629442400652
776 0.0553662732909101 0.0813682778232268 -0.028862913988615
777 0.0553664844708489 0.0813683212769084 -0.0288628841812762
778 0.0553666925503259 0.081368364092512 -0.0288628548115301
779 0.0553668975748588 0.0813684062794088 -0.028862825872953
780 0.0553670995892963 0.0813684478468311 -0.0288627973592157
781 0.0553672986378295 0.0813684888038766 -0.0288627692640823
782 0.0553674947640004 0.0813685291595091 -0.0288627415814077
783 0.0553676880107118 0.0813685689225605 -0.0288627143051374
784 0.055367878420237 0.0813686081017333 -0.0288626874293056
785 0.0553680660342285 0.0813686467056021 -0.0288626609480346
786 0.0553682508937276 0.0813686847426153 -0.0288626348555321
787 0.0553684330391726 0.0813687222210973 -0.0288626091460913
788 0.0553686125104091 0.0813687591492507 -0.028862583814089
789 0.0553687893466968 0.0813687955351568 -0.0288625588539847
790 0.0553689635867198 0.0813688313867789 -0.0288625342603191
791 0.0553691352685939 0.0813688667119629 -0.0288625100277131
792 0.0553693044298756 0.0813689015184398 -0.0288624861508666
793 0.05536947110757 0.0813689358138267 -0.028862462624557
794 0.055369635338139 0.0813689696056292 -0.0288624394436383
795 0.055369797157509 0.0813690029012422 -0.0288624166030407
796 0.0553699566010797 0.0813690357079525 -0.0288623940977682
797 0.0553701137037301 0.0813690680329395 -0.0288623719228983
798 0.0553702684998281 0.0813690998832771 -0.0288623500735806
799 0.0553704210232367 0.0813691312659359 -0.0288623285450361
800 0.0553705713073215 0.0813691621877833 -0.0288623073325561
801 0.0553707193849589 0.0813691926555864 -0.0288622864315006
802 0.0553708652885424 0.0813692226760127 -0.028862265837298
803 0.0553710090499896 0.0813692522556316 -0.0288622455454434
804 0.0553711507007502 0.0813692814009169 -0.0288622255514986
805 0.0553712902718117 0.0813693101182459 -0.0288622058510902
806 0.0553714277937069 0.0813693384139034 -0.0288621864399091
807 0.0553715632965204 0.0813693662940813 -0.0288621673137093
808 0.0553716968098951 0.0813693937648808 -0.0288621484683071
809 0.0553718283630386 0.0813694208323136 -0.0288621298995807
810 0.0553719579847299 0.0813694475023027 -0.0288621116034681
811 0.0553720857033256 0.0813694737806844 -0.0288620935759674
812 0.0553722115467657 0.0813694996732093 -0.0288620758131349
813 0.0553723355425803 0.0813695251855436 -0.0288620583110859
814 0.0553724577178951 0.0813695503232701 -0.0288620410659917
815 0.0553725780994379 0.0813695750918895 -0.0288620240740798
816 0.0553726967135438 0.081369599496822 -0.0288620073316336
817 0.0553728135861616 0.0813696235434082 -0.028861990834991
818 0.055372928742859 0.0813696472369101 -0.028861974580543
819 0.0553730422088281 0.0813696705825127 -0.0288619585647345
820 0.0553731540088915 0.0813696935853239 -0.028861942784062
821 0.0553732641675075 0.081369716250378 -0.0288619272350736
822 0.0553733727087747 0.0813697385826346 -0.028861911914368
823 0.0553734796564388 0.0813697605869805 -0.0288618968185938
824 0.0553735850338961 0.0813697822682304 -0.028861881944449
825 0.0553736888642 0.0813698036311292 -0.0288618672886799
826 0.0553737911700649 0.0813698246803514 -0.0288618528480802
827 0.0553738919738724 0.0813698454205031 -0.0288618386194917
828 0.055373991297675 0.0813698658561225 -0.0288618245998016
829 0.0553740891632016 0.0813698859916817 -0.028861810785943
830 0.0553741855918622 0.0813699058315862 -0.0288617971748942
831 0.0553742806047524 0.0813699253801783 -0.0288617837636782
832 0.0553743742226578 0.0813699446417346 -0.0288617705493606
833 0.0553744664660596 0.0813699636204705 -0.0288617575290509
834 0.0553745573551376 0.0813699823205388 -0.0288617446999014
835 0.0553746469097758 0.0813700007460314 -0.0288617320591051
836 0.0553747351495657 0.08137001890098 -0.028861719603897
837 0.055374822093812 0.0813700367893576 -0.0288617073315527
838 0.0553749077615352 0.081370054415078 -0.0288616952393875
839 0.0553749921714771 0.0813700717819983 -0.0288616833247559
840 0.0553750753421041 0.0813700888939186 -0.0288616715850515
841 0.0553751572916116 0.0813701057545831 -0.0288616600177068
842 0.0553752380379277 0.0813701223676815 -0.0288616486201908
843 0.0553753175987174 0.0813701387368486 -0.0288616373900105
844 0.0553753959913866 0.0813701548656665 -0.0288616263247091
845 0.0553754732330851 0.0813701707576643 -0.028861615421866
846 0.0553755493407116 0.0813701864163196 -0.028861604679096
847 0.0553756243309161 0.0813702018450583 -0.0288615940940495
848 0.0553756982201045 0.0813702170472567 -0.0288615836644103
849 0.0553757710244417 0.0813702320262412 -0.0288615733878973
850 0.0553758427598554 0.0813702467852892 -0.0288615632622623
851 0.0553759134420394 0.0813702613276304 -0.0288615532852903
852 0.0553759830864569 0.0813702756564464 -0.0288615434547983
853 0.0553760517083446 0.0813702897748733 -0.0288615337686363
854 0.0553761193227148 0.0813703036859996 -0.0288615242246851
855 0.05537618594436 0.0813703173928694 -0.0288615148208572
856 0.0553762515878553 0.0813703308984819 -0.0288615055550948
857 0.0553763162675619 0.0813703442057926 -0.0288614964253714
858 0.0553763799976298 0.0813703573177128 -0.0288614874296897
859 0.0553764427920015 0.0813703702371116 -0.0288614785660816
860 0.0553765046644152 0.081370382966816 -0.0288614698326082
861 0.0553765656284066 0.0813703955096112 -0.0288614612273588
862 0.0553766256973136 0.081370407868242 -0.0288614527484511
863 0.0553766848842774 0.0813704200454121 -0.0288614443940302
864 0.0553767432022468 0.0813704320437865 -0.0288614361622683
865 0.0553768006639803 0.0813704438659897 -0.0288614280513647
866 0.0553768572820492 0.0813704555146094 -0.028861420059545
867 0.0553769130688401 0.0813704669921937 -0.0288614121850608
868 0.0553769680365579 0.0813704783012544 -0.0288614044261895
869 0.0553770221972281 0.0813704894442656 -0.0288613967812337
870 0.0553770755626999 0.0813705004236659 -0.0288613892485209
871 0.0553771281446483 0.0813705112418571 -0.0288613818264035
872 0.0553771799545771 0.0813705219012068 -0.0288613745132574
873 0.055377231003821 0.0813705324040471 -0.028861367307483
874 0.0553772813035485 0.081370542752676 -0.0288613602075037
875 0.0553773308647641 0.0813705529493579 -0.0288613532117662
876 0.0553773796983103 0.0813705629963236 -0.0288613463187405
877 0.0553774278148712 0.0813705728957719 -0.0288613395269183
878 0.0553774752249734 0.0813705826498686 -0.028861332834814
879 0.0553775219389891 0.0813705922607476 -0.028861326240963
880 0.0553775679671385 0.0813706017305125 -0.0288613197439234
881 0.0553776133194914 0.0813706110612346 -0.0288613133422737
882 0.0553776580059699 0.0813706202549559 -0.0288613070346131
883 0.0553777020363503 0.0813706293136877 -0.0288613008195621
884 0.0553777454202657 0.0813706382394122 -0.0288612946957607
885 0.0553777881672075 0.0813706470340826 -0.0288612886618694
886 0.0553778302865277 0.0813706556996229 -0.0288612827165683
887 0.0553778717874412 0.0813706642379294 -0.0288612768585563
888 0.0553779126790275 0.0813706726508699 -0.0288612710865522
889 0.0553779529702326 0.0813706809402855 -0.0288612653992932
890 0.0553779926698717 0.0813706891079896 -0.0288612597955351
891 0.0553780317866301 0.0813706971557697 -0.0288612542740519
892 0.0553780703290656 0.0813707050853861 -0.0288612488336356
893 0.0553781083056106 0.0813707128985743 -0.0288612434730959
894 0.0553781457245737 0.0813707205970438 -0.0288612381912606
895 0.0553781825941411 0.0813707281824786 -0.0288612329869736
896 0.0553782189223792 0.0813707356565387 -0.0288612278590967
897 0.0553782547172359 0.0813707430208596 -0.0288612228065077
898 0.0553782899865425 0.081370750277052 -0.0288612178281015
899 0.0553783247380151 0.0813707574267041 -0.028861212922789
900 0.0553783589792566 0.0813707644713801 -0.0288612080894971
901 0.0553783927177583 0.0813707714126213 -0.028861203327168
902 0.0553784259609016 0.0813707782519464 -0.0288611986347602
903 0.0553784587159593 0.0813707849908518 -0.0288611940112471
904 0.0553784909900975 0.0813707916308119 -0.0288611894556171
905 0.0553785227903773 0.0813707981732799 -0.0288611849668735
906 0.055378554123756 0.0813708046196867 -0.0288611805440345
907 0.0553785849970886 0.0813708109714434 -0.0288611761861322
908 0.0553786154171297 0.081370817229939 -0.0288611718922134
909 0.0553786453905344 0.0813708233965433 -0.0288611676613387
910 0.0553786749238606 0.0813708294726058 -0.0288611634925824
911 0.0553787040235693 0.0813708354594553 -0.0288611593850324
912 0.0553787326960272 0.0813708413584021 -0.0288611553377903
913 0.0553787609475073 0.0813708471707367 -0.0288611513499706
914 0.0553787887841902 0.0813708528977308 -0.0288611474207009
915 0.0553788162121663 0.0813708585406377 -0.0288611435491214
916 0.0553788432374361 0.0813708641006916 -0.0288611397343851
917 0.0553788698659124 0.0813708695791094 -0.0288611359756576
918 0.055378896103421 0.0813708749770896 -0.0288611322721165
919 0.0553789219557021 0.0813708802958133 -0.0288611286229515
920 0.0553789474284117 0.0813708855364442 -0.0288611250273644
921 0.0553789725271228 0.0813708907001289 -0.0288611214845684
922 0.0553789972573265 0.0813708957879972 -0.0288611179937885
923 0.0553790216244333 0.081370900801162 -0.0288611145542611
924 0.0553790456337744 0.0813709057407207 -0.0288611111652335
925 0.0553790692906022 0.0813709106077537 -0.0288611078259645
926 0.055379092600093 0.0813709154033261 -0.0288611045357232
927 0.0553791155673459 0.0813709201284869 -0.0288611012937902
928 0.0553791381973862 0.0813709247842701 -0.0288610980994557
929 0.0553791604951646 0.0813709293716943 -0.0288610949520213
930 0.0553791824655595 0.0813709338917631 -0.0288610918507983
931 0.0553792041133777 0.0813709383454657 -0.0288610887951082
932 0.0553792254433554 0.0813709427337764 -0.0288610857842825
933 0.0553792464601593 0.0813709470576555 -0.0288610828176625
934 0.0553792671683872 0.0813709513180486 -0.0288610798945991
935 0.0553792875725698 0.081370955515888 -0.0288610770144529
936 0.0553793076771714 0.0813709596520927 -0.0288610741765937
937 0.0553793274865902 0.081370963727567 -0.0288610713804007
938 0.0553793470051603 0.0813709677432027 -0.0288610686252622
939 0.0553793662371521 0.0813709716998788 -0.0288610659105752
940 0.0553793851867732 0.0813709755984607 -0.028861063235746
941 0.0553794038581693 0.0813709794398014 -0.0288610606001893
942 0.0553794222554254 0.0813709832247412 -0.0288610580033287
943 0.0553794403825667 0.0813709869541083 -0.0288610554445958
944 0.0553794582435589 0.0813709906287189 -0.028861052923431
945 0.0553794758423098 0.0813709942493767 -0.0288610504392827
946 0.0553794931826695 0.0813709978168743 -0.028861047991607
947 0.055379510268432 0.0813710013319917 -0.0288610455798691
948 0.0553795271033353 0.0813710047954981 -0.0288610432035409
949 0.0553795436910625 0.0813710082081514 -0.0288610408621027
950 0.0553795600352428 0.0813710115706983 -0.028861038555042
951 0.0553795761394521 0.0813710148838745 -0.0288610362818543
952 0.0553795920072136 0.0813710181484049 -0.0288610340420422
953 0.0553796076419989 0.0813710213650035 -0.0288610318351157
954 0.0553796230472287 0.0813710245343743 -0.0288610296605918
955 0.0553796382262733 0.0813710276572107 -0.0288610275179951
956 0.0553796531824538 0.0813710307341958 -0.0288610254068564
957 0.0553796679190422 0.0813710337660031 -0.0288610233267144
958 0.0553796824392626 0.0813710367532957 -0.0288610212771134
959 0.0553796967462919 0.0813710396967275 -0.0288610192576053
960 0.0553797108432601 0.081371042596942 -0.0288610172677484
961 0.0553797247332515 0.0813710454545741 -0.0288610153071069
962 0.0553797384193049 0.081371048270249 -0.0288610133752523
963 0.0553797519044147 0.0813710510445826 -0.0288610114717618
964 0.055379765191531 0.0813710537781819 -0.0288610095962188
965 0.0553797782835611 0.0813710564716451 -0.0288610077482132
966 0.0553797911833692 0.0813710591255615 -0.0288610059273408
967 0.0553798038937776 0.0813710617405117 -0.0288610041332029
968 0.055379816417567 0.0813710643170679 -0.028861002365407
969 0.0553798287574774 0.0813710668557937 -0.0288610006235664
970 0.0553798409162088 0.0813710693572448 -0.0288609989073002
971 0.0553798528964212 0.0813710718219682 -0.0288609972162328
972 0.0553798647007355 0.0813710742505032 -0.0288609955499939
973 0.0553798763317343 0.0813710766433811 -0.0288609939082195
974 0.0553798877919627 0.0813710790011257 -0.0288609922905502
975 0.0553798990839275 0.0813710813242525 -0.028860990696632
976 0.0553799102100996 0.0813710836132702 -0.0288609891261162
977 0.0553799211729129 0.0813710858686794 -0.0288609875786592
978 0.0553799319747661 0.0813710880909734 -0.0288609860539225
979 0.0553799426180224 0.0813710902806385 -0.0288609845515724
980 0.0553799531050103 0.0813710924381539 -0.0288609830712805
981 0.0553799634380244 0.0813710945639918 -0.0288609816127227
982 0.0553799736193251 0.0813710966586167 -0.0288609801755798
983 0.0553799836511402 0.0813710987224874 -0.0288609787595376
984 0.0553799935356644 0.0813711007560555 -0.0288609773642862
985 0.0553800032750602 0.0813711027597657 -0.0288609759895203
986 0.0553800128714585 0.0813711047340564 -0.0288609746349393
987 0.0553800223269587 0.0813711066793594 -0.0288609733002466
988 0.0553800316436298 0.0813711085961007 -0.0288609719851504
989 0.0553800408235097 0.0813711104846993 -0.0288609706893629
990 0.0553800498686073 0.0813711123455688 -0.0288609694126004
991 0.0553800587809011 0.0813711141791159 -0.0288609681545841
992 0.0553800675623414 0.081371115985742 -0.0288609669150383
993 0.055380076214849 0.0813711177658423 -0.0288609656936919
994 0.0553800847403172 0.0813711195198063 -0.0288609644902778
995 0.0553800931406113 0.0813711212480179 -0.0288609633045324
996 0.0553801014175688 0.0813711229508551 -0.0288609621361967
997 0.0553801095730009 0.0813711246286901 -0.0288609609850149
998 0.0553801176086918 0.0813711262818905 -0.0288609598507353
999 0.0553801255263996 0.0813711279108176 -0.0288609587331095
1000 0.0553801333278565 0.0813711295158285 -0.028860957631893
