"G" "X" "Y" "A" "D"
1 0.499752497524975 0.500247502475025 0.594732143116931 0.000536906732798465
2 0.499804404903094 0.500195595096905 0.594731857445073 0.000441124044656584
3 0.499811148105728 0.500188851894272 0.594738572977049 0.000431256102152882
4 0.49980778568357 0.50019221431643 0.594745402023961 0.000444561118244476
5 0.499801217433668 0.500198782566332 0.594750504051196 0.000465235699010179
6 0.499793213233188 0.500206786766812 0.594755205957522 0.000489337095844438
7 0.499784202677647 0.500215797322353 0.594759957743252 0.000515951682640226
8 0.499774260241527 0.500225739758473 0.59476490237469 0.000544951369211035
9 0.499763363395303 0.500236636604697 0.594770094968794 0.000576419543867294
10 0.499751460528782 0.500248539471218 0.594775566880341 0.000610503470929241
11 0.499738488769633 0.500261511230367 0.594781343943601 0.00064737650930305
12 0.499724378506238 0.500275621493762 0.594787451680902 0.000687228859635221
13 0.499709054349997 0.500290945650002 0.594793916838506 0.000730265809014265
14 0.499692435126616 0.500307564873384 0.594800767896014 0.000776707993676884
15 0.499674433588296 0.500325566411704 0.594808035294558 0.000826792243883133
16 0.499654956031887 0.500345043968113 0.594815751593182 0.000880772634178187
17 0.499633901872027 0.500366098127973 0.594823951612198 0.000938921641536315
18 0.499611163181565 0.500388836818435 0.594832672580077 0.00100153138801897
19 0.499586624201658 0.500413375798341 0.594841954288644 0.00106891496438715
20 0.499560160821187 0.500439839178813 0.594851839258046 0.00114140783642717
21 0.499531640024446 0.500468359975554 0.594862372912041 0.00121936933716258
22 0.499500919305881 0.500499080694119 0.594873603763919 0.0013031842484567
23 0.499467846050624 0.500532153949376 0.59488558361324 0.00139326447551246
24 0.499432256879649 0.500567743120351 0.59489836775356 0.00149005081764387
25 0.499393976958436 0.500606023041564 0.594912015191247 0.00159401483847375
26 0.499352819268195 0.500647180731804 0.59492658887545 0.00170566083840611
27 0.499308583838814 0.500691416161186 0.594942155939176 0.0018255279318224
28 0.499261056942932 0.500738943057068 0.59495878795139 0.00195419223094272
29 0.499210010250779 0.500789989749221 0.594976561179883 0.00209226913766169
30 0.499155199945724 0.500844800054276 0.594995556864558 0.00224041574389468
31 0.499096365800848 0.500903634199152 0.5950158615006 0.00239933334003333
32 0.499033230217286 0.500966769782714 0.595037567130805 0.00256977002998866
33 0.49896549722562 0.50103450277438 0.59506077164613 0.0027525234499695
34 0.498892851452186 0.501107148547814 0.595085579093233 0.00294844358657927
35 0.4988149570529 0.5011850429471 0.595112099987518 0.00315843568798595
36 0.498731456617996 0.501268543382004 0.59514045162979 0.00338346325979889
37 0.498641970052032 0.501358029947968 0.595170758424294 0.00362455113484163
38 0.498546093434602 0.501453906565398 0.595203152195408 0.00388278860320856
39 0.498443397868406 0.501556602131593 0.595237772499794 0.00415933258580419
40 0.498333428322724 0.501666571677276 0.595274766930225 0.00445541083095331
41 0.498215702481894 0.501784297518106 0.595314291406683 0.00477232510960943
42 0.498089709610136 0.501910290389864 0.595356510449631 0.00511145438014803
43 0.497954909445984 0.502045090554015 0.5954015974296 0.00547425788868864
44 0.497810731141706 0.502189268858294 0.595449734786395 0.00586227816532679
45 0.497656572265411 0.502343427734589 0.595501114210336 0.00627714387056715
46 0.497491797886058 0.502508202113941 0.595555936777 0.00672057243963483
47 0.497315739764258 0.502684260235742 0.595614413025893 0.00719437246522264
48 0.497127695674635 0.502872304325364 0.59567676297246 0.00770044575164579
49 0.496926928888516 0.503073071111483 0.59574321604172 0.00824078896538336
50 0.49671266784882 0.50328733215118 0.595814010910741 0.00881749479867805
51 0.496484106072192 0.503515893927808 0.595889395246083 0.00943275255436488
52 0.496240402316585 0.503759597683415 0.595969625321294 0.0100888480515698
53 0.495980681055548 0.504019318944452 0.596054965498605 0.0107881627435657
54 0.495704033303366 0.504295966696634 0.596145687558179 0.0115331719311567
55 0.495409517837746 0.504590482162254 0.596242069857598 0.0123264419477906
56 0.495096162868833 0.504903837131167 0.596344396303976 0.0131706261865514
57 0.494762968204824 0.505237031795176 0.596452955121007 0.0140684598346831
58 0.494408907965065 0.505591092034935 0.596568037393666 0.0150227531788458
59 0.494032933891145 0.505967066108855 0.596689935374184 0.0160363833444493
60 0.493633979304833 0.506366020695167 0.59681894053438 0.0171122843357517
61 0.49321096375854 0.506789036241461 0.596955341351686 0.0182534352505936
62 0.49276279841904 0.507237201580959 0.597099420819151 0.0194628465553169
63 0.492288392218284 0.507711607781716 0.597251453673638 0.020743544322249
64 0.491786658795903 0.508213341204097 0.597411703341278 0.0220985523547336
65 0.491256524246472 0.508743475753528 0.597580418605135 0.0235308721535965
66 0.490696935670336 0.509303064329664 0.59775783000702 0.0250434607145655
67 0.490106870510035 0.509893129489965 0.597944146003366 0.0266392061887447
68 0.489485346634884 0.510514653365116 0.598139548904111 0.0283209014877798
69 0.488831433114335 0.511168566885664 0.598344190633397 0.030091215971524
70 0.488144261596645 0.511855738403355 0.598558188361494 0.0319526654181752
71 0.487423038183512 0.512576961816488 0.598781620068348 0.033907580543908
72 0.486667055664388 0.513332944335612 0.5990145201103 0.0359580744094561
73 0.485875705946889 0.514124294053111 0.599256874872267 0.0381060091228993
74 0.48504849249317 0.51495150750683 0.599508618597701 0.0403529623186068
75 0.484185042547365 0.515814957452635 0.599769629497213 0.042700193958998
76 0.483285118917552 0.516714881082448 0.600039726243419 0.0451486140652444
77 0.482348631058553 0.517651368941447 0.60031866496362 0.0476987520317956
78 0.481375645190483 0.518624354809517 0.600606136842844 0.0503507282141188
79 0.48036639318379 0.51963360681621 0.600901766446976 0.0531042284958915
80 0.479321279945507 0.520678720054492 0.601205110868774 0.0559584825380508
81 0.478240889054648 0.521759110945352 0.601515659788281 0.0589122463851324
82 0.477125986417475 0.522874013582525 0.601832836523314 0.0619637900526669
83 0.475977521745987 0.524022478254013 0.602156000125601 0.0651108906425288
84 0.474796627704877 0.525203372295123 0.602484448554081 0.0683508314317931
85 0.473584616622571 0.526415383377429 0.602817422929527 0.071680407256941
86 0.472342974719213 0.527657025280787 0.603154112844983 0.0750959363726243
87 0.47107335386668 0.52892664613332 0.603493662675586 0.0785932788073683
88 0.469777560960537 0.530222439039463 0.603835178800458 0.0821678610733872
89 0.468457545048571 0.531542454951429 0.604177737619966 0.0858147069207091
90 0.467115382422389 0.532884617577611 0.60452039422506 0.089528473664077
91 0.46575325993486 0.53424674006514 0.604862191552989 0.0933034934616463
92 0.46437345685422 0.53562654314578 0.605202169846589 0.0971338187938828
93 0.462978325603508 0.537021674396492 0.605539376223391 0.101013271284989
94 0.461570271759861 0.538429728240139 0.605872874156664 0.104935492932072
95 0.46015173370118 0.53984826629882 0.606201752673271 0.108893998762054
96 0.45872516228752 0.54127483771248 0.606525135082873 0.112882229924182
97 0.45729300095149 0.54270699904851 0.606842187068875 0.116893606246525
98 0.455857666547265 0.544142333452735 0.607152123992887 0.120921577335775
99 0.454421531272811 0.545578468727189 0.607454217290123 0.124959671377565
100 0.45298690593688 0.54701309406312 0.607747799861951 0.129001540894639
101 0.45155602479332 0.54844397520668 0.608032270402264 0.133041004837066
102 0.450131032112766 0.549868967887234 0.608307096625147 0.137072086506498
103 0.448713970608195 0.551286029391805 0.608571817391199 0.141089046949364
104 0.447306771778226 0.552693228221774 0.608826043757686 0.145086413586254
105 0.445911248182462 0.554088751817538 0.609069459002509 0.149059003971774
106 0.444529087618078 0.555470912381922 0.609301817693105 0.153001944696615
107 0.443161849127421 0.556838150872579 0.6095229438884 0.156910685548303
108 0.441810960733404 0.558189039266596 0.609732728574597 0.160781009136937
109 0.440477718773281 0.559522281226719 0.609931126443916 0.164609036265746
110 0.439163288681998 0.560836711318002 0.610118152129648 0.168391227383333
111 0.437868707063491 0.562131292936509 0.610293876011381 0.172124380495152
112 0.436594884881462 0.563405115118538 0.610458419701443 0.175805625937284
113 0.435342611599753 0.564657388400247 0.610611951318101 0.179432418427195
114 0.434112560105519 0.56588743989448 0.610754680643383 0.183002526805743
115 0.432905292255326 0.567094707744674 0.610886854254073 0.186514021874159
116 0.43172126489404 0.56827873510596 0.611008750704134 0.189965262710917
117 0.430560836208383 0.569439163791617 0.611120675825902 0.193354881828453
118 0.429424272290305 0.570575727709695 0.611222958206363 0.19668176950016
119 0.428311753799492 0.571688246200508 0.61131594488405 0.199945057555817
120 0.427223382628665 0.572776617371336 0.611399997301788 0.203144102909796
121 0.426159188489448 0.573840811510552 0.611475487540967 0.206278471052441
122 0.425119135350185 0.574880864649815 0.611542794854368 0.209347919701672
123 0.42410312766979 0.57589687233021 0.611602302506829 0.21235238278006
124 0.423111016383492 0.576888983616508 0.611654394926398 0.215291954852781
125 0.422142604606921 0.577857395393079 0.61169945516291 0.218166876134402
126 0.421197653034449 0.578802346965551 0.611737862646277 0.220977518147639
127 0.420275885015955 0.579724114984045 0.611769991232996 0.223724370095058
128 0.419376991303291 0.580623008696708 0.611796207526507 0.226408025985321
129 0.418500634463765 0.581499365536235 0.611816869454871 0.229029172538747
130 0.417646452962924 0.582353547037076 0.611832325087816 0.231588577882709
131 0.416814064923042 0.583185935076958 0.611842911674324 0.234087081035427
132 0.416003071566886 0.583996928433115 0.611848954881551 0.236525582166879
133 0.415213060358887 0.584786939641114 0.611850768215951 0.238905033617671
134 0.414443607857653 0.585556392142347 0.611848652607835 0.24122643165051
135 0.41369428229506 0.58630571770494 0.611842896141248 0.243490808904197
136 0.412964645897978 0.587035354102022 0.6118337739119 0.245699227516699
137 0.412254256969116 0.587745743030884 0.611821547996864 0.247852772881512
138 0.411562671743566 0.588437328256434 0.611806467520862 0.249952548000186
139 0.410889446037469 0.58911055396253 0.611788768805081 0.251999668393284
140 0.410234136704862 0.589765863295138 0.611768675585646 0.253995257532064
141 0.409596302918224 0.590403697081776 0.611746399290039 0.255940442753761
142 0.408975507287623 0.591024492712377 0.611722139360889 0.257836351624233
143 0.408371316832608 0.591628683167392 0.611696083617658 0.259684108713039
144 0.407783303820214 0.592216696179786 0.611668408647798 0.26148483274747
145 0.407211046481657 0.592788953518343 0.611639280219951 0.263239634113681
146 0.406654129619415 0.593345870380585 0.611608853712656 0.264949612674837
147 0.406112145115626 0.593887854884374 0.611577274552902 0.26661585587795
148 0.405584692351872 0.594415307648128 0.611544678659636 0.26823943712294
149 0.405071378549662 0.594928621450338 0.611511192888047 0.269821414369191
150 0.40457181904016 0.59542818095984 0.611476935471085 0.271362828956718
151 0.404085637470986 0.595914362529014 0.611442016455249 0.272864704620713
152 0.403612465957226 0.596387534042774 0.6114065381282 0.274328046679919
153 0.403151945183173 0.596848054816827 0.611370595436209 0.275753841380847
154 0.402703724460686 0.597296275539314 0.611334276389847 0.277143055381337
155 0.402267461749528 0.597732538250472 0.611297662456675 0.278496635358376
156 0.401842823644513 0.598157176355487 0.611260828940012 0.279815507726404
157 0.401429485333813 0.598570514666187 0.611223845343119 0.281100578453557
158 0.401027130532345 0.598972869467655 0.611186775718349 0.282352732964458
159 0.400635451393748 0.599364548606252 0.611149679001039 0.283572836119212
160 0.400254148404108 0.599745851595892 0.611112609328055 0.284761732259258
161 0.399882930260227 0.600117069739773 0.611075616341057 0.285920245311601
162 0.399521513734955 0.600478486265045 0.611038745474656 0.287049178943824
163 0.399169623531806 0.600830376468194 0.61100203822974 0.288149316762992
164 0.398826992130839 0.601173007869161 0.610965532432309 0.289221422552293
165 0.398493359627556 0.601506640372444 0.610929262478217 0.290266240539869
166 0.398168473566364 0.601831526433636 0.610893259564292 0.29128449569488
167 0.397852088769954 0.602147911230045 0.610857551906294 0.292276894046378
168 0.397543967165808 0.602456032834192 0.610822164944244 0.293244123021029
169 0.397243877610866 0.602756122389134 0.610787121535637 0.294186851796164
170 0.396951595715274 0.603048404284725 0.610752442137069 0.295105731665028
171 0.396666903666008 0.603333096333991 0.610718144974827 0.296001396411461
172 0.396389590051052 0.603610409948948 0.61068424620497 0.29687446269155
173 0.396119449684727 0.603880550315273 0.610650760063425 0.297725530420091
174 0.395856283434683 0.604143716565317 0.610617699006617 0.298555183159954
175 0.395599898050972 0.604400101949028 0.610585073843142 0.299363988512682
176 0.395350105997574 0.604649894002426 0.61055289385697 0.300152498508866
177 0.39510672528668 0.60489327471332 0.610521166922644 0.300921249997021
178 0.394869579315978 0.605130420684022 0.610489899612949 0.301670765029862
179 0.394638496709155 0.605361503290845 0.610459097299466 0.302401551247032
180 0.394413311159774 0.605586688840226 0.610428764246455 0.30311410225346
181 0.394193861278651 0.60580613872135 0.610398903698442 0.303808897992663
182 0.393979990444837 0.606020009555163 0.610369517961908 0.304486405114396
183 0.39377154666027 0.60622845333973 0.610340608481443 0.305147077336169
184 0.393568382408131 0.606431617591869 0.610312175910693 0.305791355798216
185 0.393370354514952 0.606629645485048 0.610284220178447 0.306419669411591
186 0.393177324016457 0.606822675983543 0.61025674055015 0.307032435199126
187 0.392989156027136 0.607010843972864 0.610229735685153 0.307630058629053
188 0.392805719613532 0.607194280386468 0.610203203689958 0.308212933941124
189 0.392626887671202 0.607373112328798 0.61017714216773 0.308781444465146
190 0.392452536805301 0.607547463194698 0.610151548264309 0.309335962931836
191 0.392282547214751 0.60771745278525 0.610126418710957 0.309876851776001
192 0.392116802579912 0.607883197420087 0.610101749864047 0.310404463432008
193 0.391955189953724 0.608044810046276 0.610077537741914 0.310919140621605
194 0.391797599656203 0.608202400343797 0.610053778059031 0.311421216634112
195 0.391643925172265 0.608356074827736 0.610030466257711 0.311911015599082
196 0.391494063052765 0.608505936947235 0.610007597537488 0.312388852751499
197 0.391347912818694 0.608652087181306 0.609985166882341 0.312855034689623
198 0.391205376868441 0.608794623131559 0.609963169085893 0.313309859625595
199 0.391066360388042 0.608933639611958 0.609941598774745 0.313753617628932
200 0.390930771264341 0.609069228735659 0.609920450430045 0.314186590863035
201 0.39079852000097 0.60920147999903 0.609899718407435 0.314609053814859
202 0.390669519637073 0.609330480362927 0.609879396955473 0.315021273517883
203 0.390543685668692 0.609456314331308 0.609859480232639 0.315423509768538
204 0.390420935972729 0.609579064027271 0.609839962323023 0.315816015336238
205 0.390301190733419 0.609698809266582 0.609820837250781 0.316199036167167
206 0.390184372371215 0.609815627628785 0.609802098993458 0.316572811581995
207 0.390070405474031 0.60992959452597 0.609783741494235 0.31693757446765
208 0.389959216730743 0.610040783269257 0.609765758673191 0.317293551463336
209 0.389850734866902 0.610149265133098 0.609748144437645 0.317640963140923
210 0.389744890582561 0.610255109417439 0.609730892691641 0.317980024179887
211 0.389641616492163 0.610358383507837 0.609713997344631 0.318310943536932
212 0.389540847066418 0.610459152933582 0.609697452319426 0.318633924610472
213 0.389442518576091 0.610557481423909 0.609681251559448 0.31894916540009
214 0.389346569037657 0.610653430962343 0.609665389035352 0.319256858661148
215 0.389252938160742 0.610747061839258 0.609649858751045 0.319557192054678
216 0.389161567297295 0.610838432702705 0.609634654749162 0.319850348292699
217 0.389072399392434 0.610927600607566 0.609619771116014 0.320136505279095
218 0.388985378936908 0.611014621063091 0.609605201986077 0.320415836246194
219 0.388900451921114 0.611099548078886 0.60959094154603 0.320688509887182
220 0.388817565790622 0.611182434209378 0.609576984038383 0.320954690484471
221 0.38873666940315 0.61126333059685 0.609563323764725 0.321214538034151
222 0.38865771298695 0.61134228701305 0.609549955088624 0.32146820836666
223 0.388580648100533 0.611419351899467 0.609536872438196 0.321715853263771
224 0.388505427593715 0.611494572406285 0.609524070308371 0.321957620572024
225 0.388432005569913 0.611567994430087 0.609511543262883 0.322193654312718
226 0.388360337349669 0.611639662650331 0.609499285936 0.322424094788561
227 0.388290379435338 0.611709620564662 0.609487293034005 0.3226490786871
228 0.388222089476916 0.611777910523084 0.609475559336473 0.32286873918101
229 0.388155426238964 0.611844573761036 0.609464079697329 0.323083206025376
230 0.388090349568582 0.611909650431418 0.60945284904572 0.323292605652027
231 0.388026820364405 0.611973179635596 0.609441862386718 0.323497061261049
232 0.387964800546587 0.612035199453413 0.609431114801856 0.323696692909546
233 0.387904253027732 0.612095746972268 0.609420601449522 0.323891617597741
234 0.387845141684738 0.612154858315262 0.60941031756521 0.324081949352521
235 0.387787431331534 0.612212568668466 0.609400258461652 0.324267799308471
236 0.387731087692663 0.612268912307337 0.609390419528833 0.32444927578652
237 0.387676077377699 0.6123239226223 0.6093807962339 0.324626484370244
238 0.387622367856457 0.612377632143543 0.609371384120978 0.324799527979913
239 0.387569927434965 0.612430072565035 0.609362178810888 0.324968506944359
240 0.387518725232194 0.612481274767806 0.6093531760008 0.325133519070723
241 0.387468731157492 0.612531268842508 0.6093443714638 0.325294659712159
242 0.387419915888718 0.612580084111282 0.609335761048395 0.325452021833554
243 0.387372250851044 0.612627749148956 0.609327340677958 0.325605696075336
244 0.387325708196404 0.612674291803596 0.609319106350118 0.325755770815415
245 0.387280260783566 0.612719739216434 0.609311054136099 0.325902332229333
246 0.38723588215881 0.61276411784119 0.609303180180014 0.326045464348668
247 0.38719254653719 0.61280745346281 0.609295480698125 0.32618524911776
248 0.387150228784352 0.612849771215648 0.609287951978059 0.326321766448794
249 0.387108904398915 0.612891095601085 0.609280590377999 0.326455094275307
250 0.387068549495355 0.612931450504645 0.609273392325843 0.326585308604169
251 0.387029140787417 0.612970859212583 0.609266354318342 0.326712483566066
252 0.386990655572012 0.613009344427988 0.60925947292021 0.326836691464562
253 0.38695307171359 0.61304692828641 0.609252744763227 0.326958002823763
254 0.386916367628971 0.613083632371029 0.609246166545312 0.327076486434624
255 0.386880522272632 0.613119477727368 0.609239735029595 0.327192209399964
256 0.386845515122409 0.613154484877591 0.60923344704347 0.327305237178208
257 0.386811326165629 0.613188673834371 0.609227299477645 0.327415633625896
258 0.386777935885636 0.613222064114364 0.609221289285179 0.327523461039015
259 0.386745325248716 0.613254674751284 0.609215413480522 0.327628780193171
260 0.386713475691389 0.613286524308611 0.60920966913854 0.327731650382641
261 0.386682369108075 0.613317630891925 0.609204053393553 0.327832129458352
262 0.386651987839107 0.613348012160893 0.609198563438358 0.3279302738648
263 0.386622314659096 0.613377685340904 0.609193196523265 0.328026138675958
264 0.386593332765613 0.613406667234387 0.609187949955125 0.328119777630192
265 0.386565025768207 0.613434974231793 0.609182821096369 0.32821124316422
266 0.386537377677719 0.61346262232228 0.609177807364049 0.328300586446149
267 0.386510372895915 0.613489627104085 0.60917290622888 0.328387857407601
268 0.38648399620539 0.61351600379461 0.609168115214294 0.328473104774972
269 0.386458232759772 0.613541767240228 0.609163431895496 0.328556376099845
270 0.386433068074188 0.613566931925812 0.609158853898532 0.328637717788574
271 0.386408488016004 0.613591511983997 0.609154378899359 0.328717175131075
272 0.386384478795811 0.613615521204189 0.609150004622931 0.32879479232884
273 0.386361026958674 0.613638973041326 0.609145728842287 0.328870612522204
274 0.386338119375611 0.61366188062439 0.609141549377653 0.328944677816875
275 0.386315743235309 0.613684256764691 0.609137464095551 0.329017029309762
276 0.386293886036072 0.613706113963928 0.609133470907925 0.329087707114114
277 0.386272535577984 0.613727464422016 0.609129567771265 0.329156750383989
278 0.386251679955282 0.613748320044718 0.609125752685756 0.329224197338082
279 0.386231307548948 0.613768692451052 0.609122023694428 0.329290085282911
280 0.386211407019488 0.613788592980512 0.609118378882323 0.329354450635408
281 0.386191967299916 0.613808032700084 0.60911481637567 0.329417328944899
282 0.38617297758892 0.61382702241108 0.609111334341076 0.329478754914525
283 0.386154427344218 0.613845572655782 0.609107930984722 0.329538762422087
284 0.386136306276084 0.613863693723916 0.609104604551577 0.32959738454036
285 0.386118604341056 0.613881395658944 0.609101353324624 0.329654653556865
286 0.386101311735801 0.613898688264199 0.609098175624094 0.329710600993142
287 0.386084418891153 0.613915581108847 0.609095069806711 0.329765257623511
288 0.386067916466304 0.613932083533696 0.60909203426496 0.329818653493352
289 0.386051795343144 0.613948204656856 0.60908906742635 0.329870817936919
290 0.386036046620762 0.613963953379238 0.609086167752706 0.329921779594686
291 0.386020661610079 0.613979338389921 0.60908333373946 0.329971566430253
292 0.386005631828628 0.613994368171372 0.60908056391496 0.330020205746818
293 0.385990948995472 0.614009051004528 0.609077856839796 0.330067724203227
294 0.385976605026247 0.614023394973753 0.609075211106122 0.330114147829614
295 0.385962592028346 0.614037407971654 0.609072625337007 0.330159502042644
296 0.385948902296212 0.614051097703788 0.609070098185791 0.330203811660364
297 0.38593552830677 0.614064471693229 0.609067628335445 0.330247100916687
298 0.385922462714966 0.614077537285034 0.60906521449796 0.330289393475495
299 0.385909698349419 0.614090301650581 0.609062855413725 0.3303307124444
300 0.385897228208196 0.614102771791804 0.609060549850939 0.330371080388149
301 0.385885045454688 0.614114954545312 0.609058296605017 0.330410519341691
302 0.385873143413587 0.614126856586412 0.609056094498016 0.330449050822924
303 0.385861515566979 0.614138484433021 0.609053942378068 0.33048669584511
304 0.385850155550522 0.614149844449478 0.609051839118826 0.330523474928994
305 0.385839057149733 0.614160942850267 0.60904978361892 0.330559408114602
306 0.385828214296361 0.614171785703639 0.609047774801422 0.330594514972762
307 0.385817621064857 0.614182378935143 0.609045811613323 0.33062881461633
308 0.385807271668931 0.61419272833107 0.609043893025021 0.330662325711132
309 0.385797160458196 0.614202839541804 0.609042018029817 0.330695066486643
310 0.385787281914898 0.614212718085103 0.609040185643422 0.330727054746401
311 0.385777630650724 0.614222369349276 0.609038394903472 0.330758307878155
312 0.385768201403698 0.614231798596302 0.609036644869059 0.330788842863768
313 0.385758989035145 0.614241010964856 0.609034934620259 0.330818676288881
314 0.385749988526737 0.614250011473263 0.609033263257685 0.330847824352325
315 0.385741194977616 0.614258805022384 0.609031629902036 0.330876302875315
316 0.385732603601576 0.614267396398424 0.609030033693664 0.330904127310413
317 0.38572420972433 0.61427579027567 0.609028473792141 0.330931312750267
318 0.385716008780834 0.614283991219166 0.609026949375845 0.330957873936145
319 0.385707996312685 0.614292003687315 0.609025459641548 0.330983825266251
320 0.385700167965575 0.614299832034425 0.609024003804013 0.331009180803847
321 0.385692519486818 0.614307480513182 0.6090225810956 0.331033954285167
322 0.385685046722926 0.614314953277073 0.609021190765883 0.331058159127147
323 0.38567774561726 0.61432225438274 0.609019832081268 0.331081808434964
324 0.385670612207721 0.614329387792278 0.609018504324626 0.331104915009387
325 0.385663642624514 0.614336357375486 0.609017206794936 0.33112749135396
326 0.385656833087955 0.614343166912045 0.609015938806917 0.331149549682
327 0.385650179906338 0.614349820093662 0.609014699690696 0.331171101923432
328 0.385643679473852 0.614356320526148 0.60901348879146 0.331192159731458
329 0.385637328268552 0.614362671731448 0.609012305469123 0.331212734489065
330 0.38563112285037 0.61436887714963 0.609011149098005 0.331232837315373
331 0.38562505985919 0.61437494014081 0.609010019066512 0.331252479071833
332 0.385619136012954 0.614380863987046 0.609008914776821 0.331271670368277
333 0.385613348105823 0.614386651894178 0.609007835644579 0.331290421568819
334 0.385607693006382 0.614392306993618 0.609006781098602 0.331308742797617
335 0.385602167655886 0.614397832344114 0.609005750580583 0.331326643944495
336 0.38559676906655 0.61440323093345 0.609004743544808 0.331344134670432
337 0.385591494319878 0.614408505680122 0.609003759457873 0.331361224412917
338 0.385586340565036 0.614413659434964 0.609002797798412 0.33137792239118
339 0.385581305017263 0.614418694982737 0.609001858056829 0.331394237611295
340 0.385576384956317 0.614423615043682 0.609000939735035 0.331410178871161
341 0.385571577724964 0.614428422275036 0.609000042346195 0.331425754765364
342 0.385566880727496 0.614433119272504 0.608999165414469 0.331440973689927
343 0.385562291428296 0.614437708571704 0.608998308474778 0.331455843846942
344 0.385557807350422 0.614442192649578 0.608997471072552 0.331470373249095
345 0.385553426074239 0.614446573925761 0.608996652763504 0.331484569724081
346 0.385549145236077 0.614450854763923 0.608995853113397 0.331498440918918
347 0.38554496252692 0.61445503747308 0.608995071697815 0.331511994304152
348 0.385540875691131 0.61445912430887 0.608994308101953 0.331525237177972
349 0.385536882525201 0.614463117474799 0.608993561920392 0.331538176670216
350 0.385532980876537 0.614467019123463 0.608992832756893 0.331550819746294
351 0.385529168642269 0.614470831357731 0.608992120224193 0.331563173211007
352 0.385525443768091 0.614474556231909 0.608991423943798 0.331575243712286
353 0.38552180424713 0.61447819575287 0.608990743545794 0.331587037744833
354 0.385518248118838 0.614481751881161 0.608990078668647 0.331598561653685
355 0.385514773467916 0.614485226532084 0.60898942895902 0.331609821637688
356 0.385511378423254 0.614488621576746 0.608988794071585 0.331620823752891
357 0.385508061156909 0.614491938843091 0.608988173668845 0.331631573915858
358 0.385504819883098 0.614495180116902 0.60898756742096 0.331642077906908
359 0.385501652857214 0.614498347142786 0.608986975005569 0.331652341373274
360 0.385498558374873 0.614501441625127 0.608986396107627 0.331662369832184
361 0.385495534770979 0.614504465229021 0.608985830419239 0.331672168673879
362 0.385492580418806 0.614507419581194 0.608985277639497 0.331681743164555
363 0.385489693729112 0.614510306270888 0.608984737474323 0.331691098449233
364 0.385486873149269 0.614513126850731 0.608984209636319 0.331700239554568
365 0.385484117162407 0.614515882837594 0.60898369384461 0.331709171391589
366 0.385481424286591 0.614518575713409 0.608983189824702 0.331717898758372
367 0.385478793074008 0.614521206925992 0.608982697308336 0.331726426342656
368 0.385476222110177 0.614523777889823 0.608982216033347 0.331734758724395
369 0.385473710013171 0.614526289986828 0.608981745743528 0.331742900378249
370 0.385471255432873 0.614528744567127 0.608981286188493 0.33175085567602
371 0.385468857050228 0.614531142949772 0.608980837123547 0.331758628889026
372 0.385466513576531 0.614533486423469 0.608980398309558 0.331766224190428
373 0.385464223752723 0.614535776247277 0.608979969512831 0.331773645657494
374 0.385461986348701 0.614538013651299 0.608979550504983 0.331780897273811
375 0.385459800162653 0.614540199837347 0.608979141062826 0.331787982931455
376 0.385457664020402 0.614542335979598 0.608978740968246 0.331794906433099
377 0.385455576774764 0.614544423225236 0.608978350008093 0.331801671494075
378 0.385453537304929 0.614546462695071 0.608977967974063 0.331808281744394
379 0.385451544515847 0.614548455484152 0.608977594662593 0.331814740730711
380 0.385449597337635 0.614550402662364 0.60897722987475 0.331821051918247
381 0.385447694724995 0.614552305275005 0.60897687341613 0.331827218692672
382 0.385445835656646 0.614554164343354 0.608976525096753 0.33183324436193
383 0.385444019134769 0.61455598086523 0.60897618473096 0.331839132158041
384 0.385442244184468 0.614557755815532 0.608975852137322 0.331844885238843
385 0.385440509853237 0.614559490146763 0.608975527138538 0.331850506689704
386 0.385438815210445 0.614561184789555 0.608975209561344 0.331855999525194
387 0.385437159346833 0.614562840653167 0.608974899236422 0.33186136669071
388 0.385435541374019 0.614564458625981 0.608974595998309 0.331866611064076
389 0.385433960424017 0.614566039575983 0.608974299685311 0.331871735457093
390 0.385432415648765 0.614567584351235 0.608974010139414 0.331876742617062
391 0.385430906219671 0.614569093780329 0.608973727206206 0.33188163522827
392 0.385429431327159 0.614570568672841 0.608973450734791 0.331886415913435
393 0.385427990180231 0.614572009819769 0.608973180577711 0.33189108723513
394 0.385426582006044 0.614573417993956 0.608972916590868 0.331895651697159
395 0.385425206049485 0.614574793950515 0.608972658633447 0.331900111745917
396 0.385423861572769 0.614576138427231 0.608972406567839 0.331904469771702
397 0.385422547855035 0.614577452144965 0.608972160259575 0.331908728110014
398 0.385421264191958 0.614578735808042 0.608971919577248 0.331912889042808
399 0.385420009895371 0.614579990104629 0.608971684392448 0.331916954799728
400 0.385418784292888 0.614581215707112 0.608971454579688 0.33192092755931
401 0.385417586727546 0.614582413272454 0.608971230016345 0.331924809450154
402 0.385416416557447 0.614583583442553 0.608971010582589 0.331928602552076
403 0.385415273155412 0.614584726844588 0.608970796161324 0.331932308897226
404 0.385414155908642 0.614585844091358 0.608970586638122 0.331935930471183
405 0.38541306421839 0.61458693578161 0.608970381901164 0.331939469214025
406 0.385411997499633 0.614588002500367 0.608970181841181 0.331942927021379
407 0.385410955180761 0.614589044819239 0.608969986351396 0.331946305745434
408 0.385409936703267 0.614590063296733 0.608969795327465 0.331949607195944
409 0.385408941521445 0.614591058478555 0.608969608667427 0.331952833141202
410 0.385407969102098 0.614592030897902 0.608969426271643 0.331955985308989
411 0.385407018924245 0.614592981075755 0.608969248042749 0.331959065387509
412 0.38540609047885 0.61459390952115 0.608969073885599 0.331962075026293
413 0.385405183268538 0.614594816731463 0.60896890370722 0.331965015837089
414 0.385404296807331 0.614595703192669 0.608968737416759 0.331967889394729
415 0.385403430620388 0.614596569379612 0.608968574925434 0.331970697237976
416 0.385402584243747 0.614597415756252 0.608968416146491 0.331973440870351
417 0.385401757224076 0.614598242775924 0.608968260995153 0.331976121760943
418 0.385400949118426 0.614599050881574 0.608968109388578 0.331978741345198
419 0.385400159493999 0.614599840506002 0.608967961245814 0.331981301025693
420 0.385399387927907 0.614600612072093 0.608967816487756 0.331983802172885
421 0.385398634006952 0.614601365993048 0.608967675037105 0.331986246125854
422 0.385397897327398 0.614602102672602 0.608967536818325 0.331988634193018
423 0.385397177494758 0.614602822505242 0.608967401757602 0.331990967652839
424 0.385396474123578 0.614603525876422 0.608967269782811 0.331993247754508
425 0.385395786837233 0.614604213162767 0.608967140823468 0.331995475718617
426 0.38539511526772 0.61460488473228 0.608967014810702 0.331997652737816
427 0.385394459055467 0.614605540944532 0.608966891677209 0.331999779977452
428 0.385393817849134 0.614606182150866 0.608966771357226 0.332001858576195
429 0.385393191305425 0.614606808694575 0.608966653786488 0.33200388964665
430 0.385392579088905 0.614607420911095 0.608966538902198 0.332005874275957
431 0.38539198087182 0.61460801912818 0.608966426642992 0.332007813526368
432 0.385391396333918 0.614608603666082 0.608966316948907 0.332009708435825
433 0.385390825162281 0.614609174837719 0.608966209761348 0.332011560018512
434 0.385390267051154 0.614609732948846 0.60896610502306 0.332013369265403
435 0.38538972170178 0.61461027829822 0.608966002678091 0.33201513714479
436 0.385389188822243 0.614610811177758 0.608965902671771 0.332016864602808
437 0.385388668127308 0.614611331872692 0.608965804950675 0.332018552563936
438 0.38538815933827 0.614611840661729 0.608965709462598 0.332020201931499
439 0.385387662182804 0.614612337817196 0.608965616156528 0.332021813588151
440 0.385387176394815 0.614612823605186 0.608965524982617 0.332023388396346
441 0.385386701714301 0.614613298285699 0.608965435892157 0.332024927198804
442 0.385386237887211 0.614613762112789 0.608965348837548 0.332026430818962
443 0.385385784665306 0.614614215334694 0.608965263772281 0.332027900061415
444 0.385385341806032 0.614614658193968 0.608965180650908 0.332029335712349
445 0.385384909072382 0.614615090927619 0.608965099429017 0.33203073853996
446 0.385384486232774 0.614615513767226 0.608965020063212 0.332032109294869
447 0.385384073060927 0.614615926939073 0.608964942511087 0.332033448710523
448 0.385383669335736 0.614616330664264 0.608964866731205 0.332034757503589
449 0.385383274841158 0.614616725158842 0.608964792683075 0.332036036374338
450 0.38538288936609 0.61461711063391 0.608964720327131 0.332037286007018
451 0.385382512704263 0.614617487295737 0.608964649624711 0.332038507070227
452 0.385382144654125 0.614617855345875 0.608964580538034 0.332039700217263
453 0.385381785018737 0.614618214981263 0.608964513030184 0.332040866086483
454 0.385381433605667 0.614618566394334 0.608964447065087 0.332042005301639
455 0.385381090226882 0.614618909773118 0.608964382607494 0.332043118472213
456 0.385380754698655 0.614619245301345 0.60896431962296 0.332044206193747
457 0.38538042684146 0.61461957315854 0.608964258077827 0.33204526904816
458 0.385380106479879 0.614619893520121 0.608964197939206 0.332046307604058
459 0.385379793442508 0.614620206557492 0.608964139174958 0.332047322417043
460 0.385379487561862 0.614620512438137 0.608964081753681 0.332048314030007
461 0.385379188674291 0.61462081132571 0.608964025644688 0.332049282973424
462 0.385378896619884 0.614621103380116 0.608963970817993 0.332050229765635
463 0.385378611242392 0.614621388757609 0.608963917244295 0.332051154913127
464 0.385378332389138 0.614621667610862 0.608963864894963 0.332052058910798
465 0.385378059910939 0.614621940089061 0.60896381374202 0.332052942242232
466 0.385377793662024 0.614622206337976 0.608963763758128 0.332053805379949
467 0.385377533499956 0.614622466500044 0.608963714916573 0.332054648785662
468 0.385377279285556 0.614622720714444 0.608963667191252 0.332055472910528
469 0.385377030882829 0.614622969117171 0.608963620556657 0.332056278195381
470 0.38537678815889 0.61462321184111 0.608963574987865 0.332057065070975
471 0.385376550983895 0.614623449016105 0.60896353046052 0.332057833958213
472 0.385376319230967 0.614623680769033 0.608963486950823 0.332058585268372
473 0.385376092776134 0.614623907223866 0.60896344443552 0.332059319403323
474 0.385375871498257 0.614624128501743 0.608963402891887 0.332060036755746
475 0.38537565527897 0.614624344721031 0.608963362297721 0.332060737709342
476 0.385375444002611 0.614624555997389 0.608963322631322 0.332061422639037
477 0.385375237556166 0.614624762443834 0.60896328387149 0.332062091911182
478 0.385375035829204 0.614624964170796 0.608963245997509 0.33206274588375
479 0.385374838713822 0.614625161286178 0.608963208989133 0.332063384906531
480 0.385374646104581 0.614625353895419 0.608963172826583 0.332064009321313
481 0.385374457898457 0.614625542101543 0.608963137490528 0.33206461946207
482 0.38537427399478 0.61462572600522 0.608963102962082 0.332065215655136
483 0.385374094295182 0.614625905704818 0.608963069222787 0.332065798219387
484 0.385373918703545 0.614626081296455 0.608963036254609 0.332066367466405
485 0.38537374712595 0.614626252874049 0.608963004039927 0.332066923700646
486 0.385373579470626 0.614626420529374 0.608962972561521 0.332067467219607
487 0.385373415647898 0.614626584352102 0.608962941802563 0.332067998313981
488 0.385373255570143 0.614626744429857 0.608962911746613 0.332068517267813
489 0.385373099151744 0.614626900848257 0.608962882377605 0.332069024358655
490 0.385372946309038 0.614627053690963 0.608962853679839 0.332069519857712
491 0.385372796960277 0.614627203039723 0.608962825637974 0.332070004029987
492 0.385372651025584 0.614627348974416 0.608962798237022 0.332070477134424
493 0.385372508426905 0.614627491573095 0.608962771462335 0.332070939424048
494 0.385372369087974 0.614627630912026 0.608962745299601 0.332071391146095
495 0.385372232934266 0.614627767065733 0.608962719734833 0.332071832542152
496 0.385372099892964 0.614627900107036 0.608962694754367 0.33207226384828
497 0.38537196989291 0.61462803010709 0.608962670344848 0.332072685295143
498 0.38537184286458 0.61462815713542 0.608962646493228 0.332073097108131
499 0.385371718740035 0.614628281259965 0.608962623186756 0.33207349950748
500 0.385371597452891 0.614628402547109 0.608962600412974 0.332073892708392
501 0.385371478938282 0.614628521061719 0.608962578159707 0.332074276921149
502 0.385371363132824 0.614628636867177 0.60896255641506 0.332074652351223
503 0.385371249974583 0.614628750025417 0.608962535167407 0.332075019199389
504 0.385371139403043 0.614628860596958 0.60896251440539 0.332075377661833
505 0.385371031359068 0.614628968640932 0.608962494117911 0.332075727930255
506 0.385370925784876 0.614629074215124 0.608962474294124 0.332076070191971
507 0.385370822624007 0.614629177375993 0.608962454923431 0.332076404630016
508 0.385370721821291 0.614629278178709 0.608962435995477 0.332076731423238
509 0.385370623322819 0.614629376677181 0.608962417500143 0.332077050746399
510 0.385370527075915 0.614629472924085 0.608962399427542 0.332077362770264
511 0.385370433029107 0.614629566970893 0.608962381768013 0.332077667661693
512 0.3853703411321 0.6146296588679 0.608962364512113 0.332077965583733
513 0.38537025133575 0.61462974866425 0.608962347650619 0.332078256695702
514 0.385370163592034 0.614629836407966 0.608962331174516 0.332078541153278
515 0.38537007785403 0.61462992214597 0.608962315074996 0.332078819108575
516 0.385369994075886 0.614630005924114 0.608962299343452 0.332079090710235
517 0.385369912212801 0.614630087787199 0.608962283971474 0.332079356103499
518 0.385369832220996 0.614630167779004 0.608962268950844 0.332079615430286
519 0.385369754057694 0.614630245942307 0.608962254273531 0.332079868829275
520 0.385369677681095 0.614630322318905 0.60896223993169 0.33208011643597
521 0.385369603050356 0.614630396949644 0.608962225917652 0.33208035838278
522 0.385369530125568 0.614630469874432 0.608962212223925 0.332080594799086
523 0.385369458867732 0.614630541132268 0.60896219884319 0.332080825811312
524 0.385369389238743 0.614630610761257 0.608962185768291 0.332081051542989
525 0.385369321201366 0.614630678798634 0.608962172992239 0.332081272114828
526 0.385369254719217 0.614630745280783 0.608962160508204 0.332081487644779
527 0.385369189756746 0.614630810243254 0.608962148309511 0.332081698248093
528 0.385369126279212 0.614630873720788 0.608962136389639 0.332081904037389
529 0.385369064252671 0.614630935747329 0.608962124742214 0.332082105122712
530 0.385369003643955 0.614630996356045 0.608962113361011 0.332082301611588
531 0.385368944420653 0.614631055579347 0.608962102239943 0.332082493609089
532 0.385368886551096 0.614631113448904 0.608962091373067 0.332082681217882
533 0.385368830004337 0.614631169995663 0.608962080754571 0.332082864538288
534 0.38536877475014 0.61463122524986 0.608962070378778 0.332083043668335
535 0.385368720758956 0.614631279241044 0.608962060240142 0.33208321870381
536 0.385368668001915 0.614631331998085 0.608962050333243 0.332083389738308
537 0.385368616450806 0.614631383549194 0.608962040652782 0.332083556863289
538 0.385368566078062 0.614631433921938 0.608962031193586 0.332083720168117
539 0.385368516856747 0.614631483143253 0.608962021950597 0.332083879740118
540 0.38536846876054 0.61463153123946 0.608962012918872 0.332084035664618
541 0.385368421763723 0.614631578236277 0.608962004093584 0.332084188024995
542 0.385368375841164 0.614631624158836 0.608961995470014 0.332084336902718
543 0.385368330968309 0.614631669031691 0.608961987043551 0.332084482377398
544 0.385368287121161 0.61463171287884 0.608961978809691 0.332084624526822
545 0.385368244276274 0.614631755723726 0.608961970764031 0.332084763427
546 0.385368202410738 0.614631797589262 0.60896196290227 0.332084899152206
547 0.385368161502166 0.614631838497834 0.608961955220204 0.332085031775016
548 0.385368121528684 0.614631878471316 0.608961947713725 0.332085161366343
549 0.385368082468916 0.614631917531084 0.608961940378822 0.332085287995485
550 0.385368044301976 0.614631955698024 0.608961933211572 0.33208541173015
551 0.385368007007455 0.614631992992545 0.608961926208144 0.332085532636504
552 0.385367970565412 0.614632029434589 0.608961919364792 0.332085650779195
553 0.385367934956358 0.614632065043641 0.608961912677858 0.332085766221397
554 0.385367900161255 0.614632099838745 0.608961906143768 0.332085879024838
555 0.385367866161496 0.614632133838504 0.608961899759027 0.332085989249837
556 0.385367832938901 0.614632167061099 0.608961893520222 0.332086096955331
557 0.385367800475705 0.614632199524295 0.608961887424017 0.332086202198912
558 0.385367768754549 0.61463223124545 0.608961881467153 0.332086305036856
559 0.385367737758472 0.614632262241528 0.608961875646445 0.33208640552415
560 0.385367707470899 0.614632292529101 0.608961869958781 0.332086503714527
561 0.385367677875636 0.614632322124364 0.60896186440112 0.332086599660489
562 0.385367648956856 0.614632351043144 0.608961858970491 0.33208669341334
563 0.385367620699098 0.614632379300902 0.60896185366399 0.33208678502321
564 0.38536759308725 0.614632406912749 0.60896184847878 0.332086874539084
565 0.38536756610655 0.61463243389345 0.608961843412088 0.332086962008827
566 0.385367539742569 0.614632460257431 0.608961838461207 0.332087047479209
567 0.385367513981211 0.614632486018789 0.608961833623488 0.332087130995932
568 0.3853674888087 0.6146325111913 0.608961828896345 0.332087212603653
569 0.385367464211578 0.614632535788422 0.60896182427725 0.332087292346007
570 0.385367440176691 0.614632559823309 0.608961819763735 0.332087370265634
571 0.385367416691188 0.614632583308812 0.608961815353386 0.332087446404197
572 0.385367393742511 0.61463260625749 0.608961811043845 0.332087520802408
573 0.385367371318389 0.614632628681611 0.608961806832807 0.332087593500047
574 0.385367349406831 0.614632650593169 0.608961802718021 0.332087664535987
575 0.385367327996123 0.614632672003877 0.608961798697288 0.332087733948211
576 0.385367307074814 0.614632692925186 0.608961794768457 0.332087801773833
577 0.385367286631719 0.614632713368281 0.608961790929427 0.332087868049119
578 0.385367266655906 0.614632733344094 0.608961787178148 0.332087932809508
579 0.385367247136695 0.614632752863305 0.608961783512611 0.332087996089626
580 0.385367228063647 0.614632771936352 0.608961779930859 0.33208805792331
581 0.385367209426566 0.614632790573434 0.608961776430975 0.332088118343622
582 0.385367191215485 0.614632808784515 0.608961773011088 0.332088177382868
583 0.385367173420667 0.614632826579333 0.608961769669371 0.332088235072617
584 0.385367156032597 0.614632843967403 0.608961766404036 0.332088291443715
585 0.385367139041978 0.614632860958022 0.608961763213336 0.332088346526304
586 0.385367122439725 0.614632877560275 0.608961760095568 0.332088400349837
587 0.38536710621696 0.61463289378304 0.608961757049063 0.332088452943093
588 0.38536709036501 0.61463290963499 0.608961754072192 0.332088504334192
589 0.385367074875397 0.614632925124603 0.608961751163365 0.332088554550615
590 0.385367059739841 0.614632940260159 0.608961748321025 0.332088603619211
591 0.385367044950247 0.614632955049753 0.608961745543653 0.332088651566217
592 0.385367030498709 0.614632969501291 0.608961742829764 0.33208869841727
593 0.385367016377498 0.614632983622502 0.608961740177907 0.332088744197421
594 0.385367002579065 0.614632997420935 0.608961737586664 0.332088788931149
595 0.38536698909603 0.61463301090397 0.60896173505465 0.332088832642373
596 0.385366975921186 0.614633024078814 0.60896173258051 0.332088875354464
597 0.385366963047487 0.614633036952513 0.608961730162923 0.332088917090261
598 0.38536695046805 0.61463304953195 0.608961727800595 0.332088957872079
599 0.385366938176148 0.614633061823852 0.608961725492263 0.332088997721725
600 0.385366926165209 0.61463307383479 0.608961723236693 0.332089036660505
601 0.385366914428812 0.614633085571188 0.60896172103268 0.33208907470924
602 0.38536690296068 0.61463309703932 0.608961718879044 0.332089111888274
603 0.385366891754682 0.614633108245318 0.608961716774634 0.332089148217487
604 0.385366880804826 0.614633119195174 0.608961714718325 0.332089183716303
605 0.385366870105257 0.614633129894743 0.608961712709019 0.332089218403704
606 0.385366859650254 0.614633140349746 0.608961710745639 0.332089252298237
607 0.385366849434226 0.614633150565774 0.608961708827136 0.332089285418024
608 0.385366839451712 0.614633160548288 0.608961706952486 0.332089317780774
609 0.385366829697374 0.614633170302625 0.608961705120685 0.332089349403793
610 0.385366820165997 0.614633179834003 0.608961703330754 0.332089380303987
611 0.385366810852483 0.614633189147517 0.608961701581735 0.33208941049788
612 0.385366801751853 0.614633198248147 0.608961699872695 0.332089440001615
613 0.385366792859241 0.614633207140759 0.608961698202719 0.332089468830968
614 0.385366784169892 0.614633215830108 0.608961696570914 0.332089497001354
615 0.385366775679161 0.614633224320839 0.608961694976407 0.332089524527835
616 0.385366767382506 0.614633232617494 0.608961693418346 0.33208955142513
617 0.385366759275493 0.614633240724507 0.608961691895899 0.332089577707619
618 0.385366751353786 0.614633248646214 0.608961690408251 0.332089603389357
619 0.385366743613149 0.614633256386851 0.608961688954606 0.332089628484074
620 0.385366736049444 0.614633263950556 0.608961687534187 0.332089653005188
621 0.385366728658626 0.614633271341374 0.608961686146236 0.332089676965812
622 0.385366721436745 0.614633278563255 0.608961684790009 0.332089700378756
623 0.385366714379937 0.614633285620063 0.608961683464783 0.332089723256538
624 0.385366707484431 0.61463329251557 0.608961682169847 0.332089745611392
625 0.385366700746538 0.614633299253462 0.60896168090451 0.33208976745527
626 0.385366694162657 0.614633305837343 0.608961679668095 0.332089788799853
627 0.385366687729267 0.614633312270733 0.608961678459941 0.332089809656551
628 0.385366681442928 0.614633318557072 0.608961677279403 0.332089830036519
629 0.385366675300279 0.61463332469972 0.608961676125848 0.332089849950651
630 0.385366669298036 0.614633330701964 0.608961674998661 0.332089869409597
631 0.385366663432989 0.614633336567011 0.608961673897238 0.33208988842376
632 0.385366657702002 0.614633342297998 0.60896167282099 0.332089907003308
633 0.385366652102011 0.614633347897988 0.608961671769343 0.332089925158174
634 0.385366646630022 0.614633353369978 0.608961670741734 0.332089942898066
635 0.385366641283109 0.614633358716891 0.608961669737613 0.332089960232469
636 0.385366636058413 0.614633363941587 0.608961668756443 0.332089977170651
637 0.38536663095314 0.61463336904686 0.6089616677977 0.33208999372167
638 0.38536662596456 0.61463337403544 0.608961666860872 0.332090009894374
639 0.385366621090007 0.614633378909992 0.608961665945458 0.332090025697411
640 0.385366616326874 0.614633383673126 0.608961665050967 0.332090041139231
641 0.385366611672615 0.614633388327386 0.608961664176922 0.33209005622809
642 0.385366607124739 0.61463339287526 0.608961663322855 0.332090070972057
643 0.385366602680817 0.614633397319183 0.608961662488309 0.332090085379013
644 0.385366598338471 0.614633401661528 0.60896166167284 0.332090099456664
645 0.385366594095381 0.614633405904619 0.60896166087601 0.332090113212535
646 0.385366589949277 0.614633410050723 0.608961660097393 0.332090126653982
647 0.385366585897942 0.614633414102058 0.608961659336573 0.332090139788191
648 0.385366581939211 0.61463341806079 0.608961658593144 0.332090152622187
649 0.385366578070965 0.614633421929035 0.608961657866707 0.332090165162829
650 0.385366574291139 0.614633425708861 0.608961657156875 0.332090177416825
651 0.385366570597709 0.614633429402291 0.608961656463268 0.332090189390726
652 0.385366566988702 0.614633433011298 0.608961655785515 0.332090201090934
653 0.385366563462188 0.614633436537813 0.608961655123253 0.332090212523705
654 0.38536656001628 0.61463343998372 0.608961654476129 0.332090223695152
655 0.385366556649138 0.614633443350862 0.608961653843797 0.332090234611248
656 0.385366553358959 0.614633446641041 0.608961653225918 0.332090245277831
657 0.385366550143986 0.614633449856014 0.608961652622162 0.332090255700602
658 0.385366547002499 0.614633452997501 0.608961652032206 0.332090265885136
659 0.385366543932818 0.614633456067182 0.608961651455736 0.332090275836878
660 0.385366540933302 0.614633459066698 0.608961650892441 0.332090285561148
661 0.385366538002347 0.614633461997652 0.608961650342022 0.332090295063146
662 0.385366535138387 0.614633464861613 0.608961649804184 0.332090304347953
663 0.38536653233989 0.61463346766011 0.60896164927864 0.332090313420533
664 0.385366529605359 0.614633470394641 0.608961648765109 0.332090322285737
665 0.385366526933332 0.614633473066668 0.608961648263315 0.332090330948306
666 0.385366524322381 0.614633475677619 0.608961647772991 0.33209033941287
667 0.385366521771109 0.61463347822889 0.608961647293875 0.332090347683956
668 0.385366519278154 0.614633480721846 0.60896164682571 0.332090355765986
669 0.38536651684218 0.614633483157819 0.608961646368246 0.332090363663282
670 0.385366514461887 0.614633485538113 0.608961645921238 0.332090371380066
671 0.385366512136001 0.614633487863998 0.608961645484448 0.332090378920465
672 0.38536650986328 0.61463349013672 0.608961645057641 0.332090386288509
673 0.385366507642506 0.614633492357494 0.608961644640591 0.332090393488138
674 0.385366505472494 0.614633494527506 0.608961644233073 0.332090400523203
675 0.385366503352083 0.614633496647917 0.60896164383487 0.332090407397464
676 0.385366501280139 0.614633498719862 0.608961643445768 0.332090414114597
677 0.385366499255554 0.614633500744446 0.608961643065561 0.332090420678194
678 0.385366497277246 0.614633502722754 0.608961642694044 0.332090427091764
679 0.385366495344157 0.614633504655843 0.608961642331019 0.332090433358736
680 0.385366493455253 0.614633506544747 0.608961641976291 0.332090439482461
681 0.385366491609525 0.614633508390475 0.608961641629673 0.332090445466214
682 0.385366489805986 0.614633510194014 0.608961641290976 0.332090451313194
683 0.38536648804367 0.61463351195633 0.608961640960021 0.332090457026527
684 0.385366486321637 0.614633513678363 0.608961640636631 0.332090462609267
685 0.385366484638965 0.614633515361035 0.608961640320634 0.332090468064401
686 0.385366482994755 0.614633517005245 0.608961640011859 0.332090473394845
687 0.385366481388127 0.614633518611873 0.608961639710141 0.332090478603448
688 0.385366479818222 0.614633520181778 0.60896163941532 0.332090483692996
689 0.385366478284201 0.614633521715799 0.608961639127238 0.33209048866621
690 0.385366476785244 0.614633523214755 0.608961638845741 0.332090493525749
691 0.38536647532055 0.61463352467945 0.608961638570678 0.332090498274212
692 0.385366473889334 0.614633526110666 0.608961638301902 0.332090502914137
693 0.385366472490833 0.614633527509167 0.60896163803927 0.332090507448005
694 0.385366471124297 0.614633528875703 0.608961637782641 0.332090511878241
695 0.385366469788997 0.614633530211003 0.608961637531878 0.332090516207214
696 0.385366468484219 0.614633531515781 0.608961637286846 0.332090520437237
697 0.385366467209264 0.614633532790736 0.608961637047415 0.332090524570572
698 0.385366465963452 0.614633534036548 0.608961636813457 0.332090528609431
699 0.385366464746115 0.614633535253885 0.608961636584847 0.332090532555971
700 0.385366463556604 0.614633536443396 0.608961636361462 0.332090536412304
701 0.385366462394282 0.614633537605718 0.608961636143184 0.332090540180491
702 0.385366461258528 0.614633538741472 0.608961635929894 0.332090543862547
703 0.385366460148734 0.614633539851266 0.60896163572148 0.332090547460441
704 0.385366459064307 0.614633540935693 0.60896163551783 0.332090550976096
705 0.385366458004667 0.614633541995333 0.608961635318834 0.332090554411392
706 0.385366456969248 0.614633543030752 0.608961635124387 0.332090557768166
707 0.385366455957496 0.614633544042504 0.608961634934384 0.332090561048214
708 0.38536645496887 0.61463354503113 0.608961634748725 0.332090564253288
709 0.385366454002841 0.614633545997159 0.608961634567309 0.332090567385102
710 0.385366453058893 0.614633546941107 0.60896163439004 0.332090570445331
711 0.385366452136522 0.614633547863478 0.608961634216822 0.332090573435611
712 0.385366451235233 0.614633548764767 0.608961634047564 0.332090576357541
713 0.385366450354546 0.614633549645454 0.608961633882175 0.332090579212683
714 0.385366449493989 0.614633550506011 0.608961633720566 0.332090582002564
715 0.385366448653102 0.614633551346898 0.608961633562651 0.332090584728676
716 0.385366447831435 0.614633552168565 0.608961633408346 0.332090587392476
717 0.38536644702855 0.61463355297145 0.608961633257568 0.332090589995388
718 0.385366446244016 0.614633553755984 0.608961633110236 0.332090592538804
719 0.385366445477415 0.614633554522585 0.608961632966272 0.332090595024085
720 0.385366444728336 0.614633555271663 0.608961632825598 0.332090597452558
721 0.38536644399638 0.61463355600362 0.60896163268814 0.332090599825523
722 0.385366443281154 0.614633556718846 0.608961632553824 0.332090602144248
723 0.385366442582276 0.614633557417724 0.608961632422578 0.332090604409973
724 0.385366441899373 0.614633558100627 0.608961632294331 0.332090606623909
725 0.385366441232079 0.614633558767921 0.608961632169016 0.332090608787241
726 0.385366440580038 0.614633559419962 0.608961632046566 0.332090610901124
727 0.385366439942901 0.614633560057099 0.608961631926914 0.33209061296669
728 0.385366439320327 0.614633560679673 0.608961631809998 0.332090614985042
729 0.385366438711983 0.614633561288017 0.608961631695753 0.33209061695726
730 0.385366438117545 0.614633561882455 0.60896163158412 0.332090618884398
731 0.385366437536694 0.614633562463306 0.608961631475039 0.332090620767486
732 0.38536643696912 0.61463356303088 0.608961631368451 0.332090622607532
733 0.385366436414519 0.614633563585481 0.6089616312643 0.33209062440552
734 0.385366435872595 0.614633564127405 0.608961631162529 0.33209062616241
735 0.385366435343057 0.614633564656943 0.608961631063084 0.332090627879142
736 0.385366434825624 0.614633565174376 0.608961630965912 0.332090629556634
737 0.385366434320018 0.614633565679982 0.608961630870961 0.332090631195783
738 0.385366433825968 0.614633566174032 0.608961630778181 0.332090632797465
739 0.385366433343211 0.614633566656788 0.608961630687521 0.332090634362537
740 0.385366432871489 0.614633567128511 0.608961630598934 0.332090635891836
741 0.38536643241055 0.61463356758945 0.608961630512372 0.332090637386178
742 0.385366431960146 0.614633568039854 0.608961630427788 0.332090638846364
743 0.385366431520037 0.614633568479963 0.608961630345137 0.332090640273174
744 0.385366431089988 0.614633568910012 0.608961630264376 0.332090641667371
745 0.385366430669768 0.614633569330232 0.60896163018546 0.3320906430297
746 0.385366430259154 0.614633569740846 0.608961630108349 0.332090644360889
747 0.385366429857926 0.614633570142074 0.608961630033 0.332090645661651
748 0.385366429465868 0.614633570534132 0.608961629959373 0.332090646932682
749 0.385366429082772 0.614633570917228 0.608961629887429 0.332090648174659
750 0.385366428708432 0.614633571291568 0.60896162981713 0.332090649388249
751 0.385366428342649 0.614633571657351 0.608961629748437 0.332090650574098
752 0.385366427985227 0.614633572014773 0.608961629681315 0.332090651732843
753 0.385366427635974 0.614633572364025 0.608961629615727 0.332090652865101
754 0.385366427294705 0.614633572705295 0.608961629551638 0.332090653971479
755 0.385366426961236 0.614633573038764 0.608961629489014 0.332090655052568
756 0.385366426635389 0.614633573364611 0.608961629427822 0.332090656108946
757 0.38536642631699 0.61463357368301 0.608961629368028 0.332090657141178
758 0.38536642600587 0.61463357399413 0.6089616293096 0.332090658149816
759 0.38536642570186 0.61463357429814 0.608961629252509 0.332090659135399
760 0.385366425404799 0.614633574595201 0.608961629196722 0.332090660098454
761 0.385366425114529 0.614633574885471 0.60896162914221 0.332090661039497
762 0.385366424830893 0.614633575169107 0.608961629088945 0.332090661959029
763 0.38536642455374 0.61463357544626 0.608961629036897 0.332090662857543
764 0.385366424282923 0.614633575717078 0.608961628986038 0.33209066373552
765 0.385366424018295 0.614633575981705 0.608961628936343 0.332090664593428
766 0.385366423759716 0.614633576240283 0.608961628887782 0.332090665431727
767 0.385366423507048 0.614633576492952 0.608961628840332 0.332090666250865
768 0.385366423260155 0.614633576739845 0.608961628793967 0.332090667051279
769 0.385366423018905 0.614633576981094 0.608961628748661 0.332090667833398
770 0.38536642278317 0.61463357721683 0.608961628704391 0.332090668597639
771 0.385366422552823 0.614633577447177 0.608961628661133 0.332090669344412
772 0.385366422327741 0.614633577672259 0.608961628618864 0.332090670074116
773 0.385366422107804 0.614633577892196 0.608961628577561 0.33209067078714
774 0.385366421892894 0.614633578107106 0.608961628537201 0.332090671483867
775 0.385366421682896 0.614633578317103 0.608961628497765 0.332090672164668
776 0.385366421477699 0.614633578522301 0.60896162845923 0.332090672829908
777 0.385366421277192 0.614633578722808 0.608961628421575 0.332090673479943
778 0.385366421081267 0.614633578918733 0.608961628384781 0.332090674115119
779 0.385366420889821 0.614633579110178 0.608961628348828 0.332090674735777
780 0.385366420702752 0.614633579297249 0.608961628313698 0.332090675342248
781 0.385366420519958 0.614633579480043 0.60896162827937 0.332090675934857
782 0.385366420341341 0.614633579658659 0.608961628245826 0.33209067651392
783 0.385366420166808 0.614633579833192 0.60896162821305 0.332090677079747
784 0.385366419996265 0.614633580003735 0.608961628181022 0.332090677632641
785 0.385366419829619 0.614633580170381 0.608961628149727 0.332090678172898
786 0.385366419666782 0.614633580333217 0.608961628119147 0.332090678700805
787 0.385366419507668 0.614633580492332 0.608961628089266 0.332090679216646
788 0.38536641935219 0.61463358064781 0.608961628060068 0.332090679720696
789 0.385366419200267 0.614633580799733 0.608961628031537 0.332090680213225
790 0.385366419051816 0.614633580948184 0.608961628003659 0.332090680694496
791 0.385366418906758 0.614633581093243 0.608961627976418 0.332090681164766
792 0.385366418765015 0.614633581234985 0.608961627949799 0.332090681624287
793 0.385366418626513 0.614633581373487 0.608961627923789 0.332090682073305
794 0.385366418491176 0.614633581508824 0.608961627898373 0.332090682512059
795 0.385366418358933 0.614633581641067 0.608961627873539 0.332090682940785
796 0.385366418229713 0.614633581770287 0.608961627849271 0.33209068335971
797 0.385366418103446 0.614633581896554 0.608961627825559 0.332090683769061
798 0.385366417980065 0.614633582019935 0.608961627802389 0.332090684169055
799 0.385366417859505 0.614633582140495 0.608961627779748 0.332090684559906
800 0.3853664177417 0.6146335822583 0.608961627757625 0.332090684941823
801 0.385366417626588 0.614633582373412 0.608961627736007 0.33209068531501
802 0.385366417514106 0.614633582485893 0.608961627714883 0.332090685679667
803 0.385366417404197 0.614633582595803 0.608961627694243 0.33209068603599
804 0.385366417296799 0.614633582703201 0.608961627674074 0.332090686384167
805 0.385366417191856 0.614633582808144 0.608961627654367 0.332090686724386
806 0.385366417089312 0.614633582910688 0.608961627635109 0.332090687056829
807 0.385366416989112 0.614633583010888 0.608961627616292 0.332090687381673
808 0.385366416891202 0.614633583108798 0.608961627597905 0.332090687699092
809 0.38536641679553 0.61463358320447 0.608961627579938 0.332090688009255
810 0.385366416702045 0.614633583297955 0.608961627562382 0.332090688312329
811 0.385366416610697 0.614633583389303 0.608961627545227 0.332090688608476
812 0.385366416521436 0.614633583478564 0.608961627528464 0.332090688897853
813 0.385366416434216 0.614633583565784 0.608961627512085 0.332090689180616
814 0.38536641634899 0.61463358365101 0.60896162749608 0.332090689456915
815 0.385366416265712 0.614633583734289 0.608961627480441 0.3320906897269
816 0.385366416184337 0.614633583815663 0.608961627465159 0.332090689990712
817 0.385366416104822 0.614633583895178 0.608961627450226 0.332090690248495
818 0.385366416027124 0.614633583972876 0.608961627435635 0.332090690500386
819 0.385366415951203 0.614633584048797 0.608961627421377 0.332090690746519
820 0.385366415877017 0.614633584122983 0.608961627407445 0.332090690987026
821 0.385366415804527 0.614633584195473 0.608961627393832 0.332090691222036
822 0.385366415733693 0.614633584266307 0.60896162738053 0.332090691451674
823 0.385366415664479 0.614633584335521 0.608961627367532 0.332090691676064
824 0.385366415596847 0.614633584403153 0.608961627354831 0.332090691895324
825 0.38536641553076 0.614633584469239 0.60896162734242 0.332090692109572
826 0.385366415466185 0.614633584533815 0.608961627330293 0.332090692318924
827 0.385366415403085 0.614633584596915 0.608961627318443 0.33209069252349
828 0.385366415341428 0.614633584658572 0.608961627306864 0.33209069272338
829 0.385366415281179 0.614633584718821 0.60896162729555 0.332090692918701
830 0.385366415222308 0.614633584777692 0.608961627284494 0.332090693109558
831 0.385366415164783 0.614633584835217 0.608961627273691 0.332090693296052
832 0.385366415108572 0.614633584891427 0.608961627263135 0.332090693478284
833 0.385366415053647 0.614633584946353 0.60896162725282 0.33209069365635
834 0.385366414999976 0.614633585000023 0.608961627242741 0.332090693830346
835 0.385366414947533 0.614633585052467 0.608961627232892 0.332090694000365
836 0.385366414896288 0.614633585103711 0.608961627223269 0.332090694166497
837 0.385366414846215 0.614633585153785 0.608961627213865 0.332090694328833
838 0.385366414797286 0.614633585202714 0.608961627204677 0.332090694487458
839 0.385366414749476 0.614633585250524 0.608961627195698 0.332090694642457
840 0.385366414702758 0.614633585297242 0.608961627186925 0.332090694793913
841 0.385366414657108 0.614633585342892 0.608961627178352 0.332090694941907
842 0.385366414612502 0.614633585387498 0.608961627169975 0.332090695086519
843 0.385366414568915 0.614633585431085 0.608961627161789 0.332090695227825
844 0.385366414526325 0.614633585473675 0.608961627153791 0.332090695365901
845 0.385366414484707 0.614633585515292 0.608961627145975 0.332090695500821
846 0.385366414444042 0.614633585555958 0.608961627138339 0.332090695632657
847 0.385366414404306 0.614633585595694 0.608961627130876 0.33209069576148
848 0.385366414365478 0.614633585634522 0.608961627123585 0.332090695887358
849 0.385366414327537 0.614633585672463 0.60896162711646 0.332090696010359
850 0.385366414290464 0.614633585709536 0.608961627109497 0.332090696130549
851 0.385366414254238 0.614633585745762 0.608961627102694 0.332090696247991
852 0.38536641421884 0.61463358578116 0.608961627096047 0.332090696362749
853 0.385366414184252 0.614633585815749 0.608961627089551 0.332090696474884
854 0.385366414150454 0.614633585849547 0.608961627083204 0.332090696584455
855 0.385366414117428 0.614633585882572 0.608961627077002 0.332090696691522
856 0.385366414085157 0.614633585914843 0.608961627070942 0.332090696796142
857 0.385366414053624 0.614633585946376 0.60896162706502 0.332090696898371
858 0.385366414022812 0.614633585977188 0.608961627059234 0.332090696998263
859 0.385366413992704 0.614633586007296 0.608961627053579 0.332090697095871
860 0.385366413963284 0.614633586036716 0.608961627048054 0.332090697191249
861 0.385366413934537 0.614633586065463 0.608961627042656 0.332090697284446
862 0.385366413906446 0.614633586093553 0.60896162703738 0.332090697375513
863 0.385366413878998 0.614633586121002 0.608961627032226 0.332090697464499
864 0.385366413852177 0.614633586147822 0.608961627027189 0.332090697551451
865 0.38536641382597 0.61463358617403 0.608961627022268 0.332090697636415
866 0.385366413800361 0.614633586199639 0.608961627017458 0.332090697719437
867 0.385366413775338 0.614633586224662 0.608961627012759 0.332090697800561
868 0.385366413750886 0.614633586249114 0.608961627008167 0.332090697879831
869 0.385366413726994 0.614633586273006 0.60896162700368 0.33209069795729
870 0.385366413703647 0.614633586296353 0.608961626999296 0.332090698032977
871 0.385366413680835 0.614633586319165 0.608961626995012 0.332090698106935
872 0.385366413658543 0.614633586341457 0.608961626990825 0.332090698179202
873 0.385366413636762 0.614633586363238 0.608961626986735 0.332090698249818
874 0.385366413615478 0.614633586384522 0.608961626982738 0.332090698318819
875 0.38536641359468 0.61463358640532 0.608961626978832 0.332090698386243
876 0.385366413574358 0.614633586425642 0.608961626975016 0.332090698452126
877 0.385366413554501 0.614633586445499 0.608961626971287 0.332090698516503
878 0.385366413535097 0.614633586464903 0.608961626967643 0.332090698579409
879 0.385366413516137 0.614633586483863 0.608961626964082 0.332090698640876
880 0.38536641349761 0.61463358650239 0.608961626960603 0.332090698700939
881 0.385366413479507 0.614633586520493 0.608961626957203 0.332090698759629
882 0.385366413461817 0.614633586538182 0.608961626953881 0.332090698816977
883 0.385366413444532 0.614633586555467 0.608961626950635 0.332090698873015
884 0.385366413427643 0.614633586572358 0.608961626947463 0.332090698927771
885 0.385366413411138 0.614633586588861 0.608961626944364 0.332090698981276
886 0.385366413395012 0.614633586604988 0.608961626941335 0.332090699033558
887 0.385366413379254 0.614633586620746 0.608961626938376 0.332090699084645
888 0.385366413363856 0.614633586636144 0.608961626935484 0.332090699134565
889 0.38536641334881 0.61463358665119 0.608961626932659 0.332090699183343
890 0.385366413334108 0.614633586665892 0.608961626929898 0.332090699231006
891 0.385366413319742 0.614633586680259 0.6089616269272 0.33209069927758
892 0.385366413305704 0.614633586694296 0.608961626924563 0.332090699323089
893 0.385366413291987 0.614633586708013 0.608961626921988 0.332090699367558
894 0.385366413278584 0.614633586721416 0.60896162691947 0.332090699411011
895 0.385366413265487 0.614633586734513 0.608961626917011 0.332090699453471
896 0.38536641325269 0.61463358674731 0.608961626914608 0.33209069949496
897 0.385366413240184 0.614633586759815 0.608961626912259 0.3320906995355
898 0.385366413227965 0.614633586772035 0.608961626909965 0.332090699575114
899 0.385366413216026 0.614633586783975 0.608961626907722 0.332090699613823
900 0.385366413204358 0.614633586795641 0.608961626905531 0.332090699651646
901 0.385366413192958 0.614633586807042 0.60896162690339 0.332090699688605
902 0.385366413181818 0.614633586818181 0.608961626901298 0.33209069972472
903 0.385366413170933 0.614633586829067 0.608961626899254 0.332090699760009
904 0.385366413160297 0.614633586839703 0.608961626897257 0.332090699794491
905 0.385366413149904 0.614633586850096 0.608961626895305 0.332090699828185
906 0.385366413139748 0.614633586860252 0.608961626893398 0.332090699861109
907 0.385366413129825 0.614633586870175 0.608961626891534 0.33209069989328
908 0.385366413120128 0.614633586879872 0.608961626889713 0.332090699924716
909 0.385366413110653 0.614633586889347 0.608961626887934 0.332090699955434
910 0.385366413101395 0.614633586898605 0.608961626886195 0.332090699985449
911 0.385366413092348 0.614633586907652 0.608961626884496 0.332090700014778
912 0.385366413083508 0.614633586916492 0.608961626882836 0.332090700043437
913 0.38536641307487 0.61463358692513 0.608961626881214 0.332090700071441
914 0.38536641306643 0.614633586933571 0.608961626879629 0.332090700098805
915 0.385366413058182 0.614633586941818 0.60896162687808 0.332090700125543
916 0.385366413050123 0.614633586949877 0.608961626876567 0.33209070015167
917 0.385366413042248 0.614633586957752 0.608961626875087 0.3320907001772
918 0.385366413034553 0.614633586965447 0.608961626873643 0.332090700202146
919 0.385366413027034 0.614633586972966 0.60896162687223 0.332090700226522
920 0.385366413019687 0.614633586980313 0.608961626870851 0.332090700250341
921 0.385366413012508 0.614633586987492 0.608961626869503 0.332090700273616
922 0.385366413005493 0.614633586994508 0.608961626868185 0.332090700296359
923 0.385366412998638 0.614633587001362 0.608961626866898 0.332090700318581
924 0.38536641299194 0.61463358700806 0.60896162686564 0.332090700340296
925 0.385366412985395 0.614633587014605 0.608961626864411 0.332090700361514
926 0.385366412979 0.614633587021 0.60896162686321 0.332090700382248
927 0.38536641297275 0.61463358702725 0.608961626862036 0.332090700402507
928 0.385366412966644 0.614633587033356 0.608961626860889 0.332090700422303
929 0.385366412960678 0.614633587039323 0.608961626859769 0.332090700441648
930 0.385366412954847 0.614633587045153 0.608961626858674 0.332090700460549
931 0.38536641294915 0.61463358705085 0.608961626857604 0.332090700479019
932 0.385366412943583 0.614633587056417 0.608961626856559 0.332090700497066
933 0.385366412938143 0.614633587061857 0.608961626855537 0.332090700514702
934 0.385366412932828 0.614633587067172 0.608961626854539 0.332090700531934
935 0.385366412927634 0.614633587072366 0.608961626853564 0.332090700548772
936 0.385366412922559 0.614633587077441 0.608961626852611 0.332090700565225
937 0.3853664129176 0.6146335870824 0.608961626851679 0.332090700581302
938 0.385366412912754 0.614633587087246 0.608961626850769 0.332090700597012
939 0.385366412908019 0.61463358709198 0.60896162684988 0.332090700612362
940 0.385366412903393 0.614633587096607 0.608961626849011 0.332090700627362
941 0.385366412898871 0.614633587101128 0.608961626848162 0.332090700642018
942 0.385366412894454 0.614633587105546 0.608961626847333 0.33209070065634
943 0.385366412890137 0.614633587109863 0.608961626846522 0.332090700670335
944 0.385366412885919 0.614633587114081 0.60896162684573 0.332090700684009
945 0.385366412881798 0.614633587118202 0.608961626844956 0.332090700697371
946 0.38536641287777 0.61463358712223 0.6089616268442 0.332090700710428
947 0.385366412873835 0.614633587126165 0.60896162684346 0.332090700723186
948 0.38536641286999 0.61463358713001 0.608961626842738 0.332090700735652
949 0.385366412866232 0.614633587133768 0.608961626842033 0.332090700747834
950 0.38536641286256 0.614633587137439 0.608961626841343 0.332090700759737
951 0.385366412858973 0.614633587141027 0.608961626840669 0.332090700771368
952 0.385366412855467 0.614633587144533 0.608961626840011 0.332090700782734
953 0.385366412852042 0.614633587147958 0.608961626839368 0.332090700793839
954 0.385366412848694 0.614633587151306 0.608961626838739 0.33209070080469
955 0.385366412845424 0.614633587154576 0.608961626838125 0.332090700815294
956 0.385366412842228 0.614633587157772 0.608961626837525 0.332090700825655
957 0.385366412839105 0.614633587160895 0.608961626836938 0.33209070083578
958 0.385366412836053 0.614633587163947 0.608961626836365 0.332090700845673
959 0.385366412833071 0.614633587166928 0.608961626835805 0.332090700855339
960 0.385366412830158 0.614633587169842 0.608961626835258 0.332090700864785
961 0.385366412827311 0.614633587172689 0.608961626834723 0.332090700874015
962 0.385366412824529 0.614633587175471 0.608961626834201 0.332090700883034
963 0.38536641282181 0.61463358717819 0.60896162683369 0.332090700891847
964 0.385366412819154 0.614633587180846 0.608961626833192 0.332090700900458
965 0.385366412816559 0.614633587183441 0.608961626832704 0.332090700908873
966 0.385366412814023 0.614633587185978 0.608961626832228 0.332090700917095
967 0.385366412811544 0.614633587188456 0.608961626831763 0.332090700925129
968 0.385366412809123 0.614633587190877 0.608961626831308 0.33209070093298
969 0.385366412806756 0.614633587193243 0.608961626830863 0.332090700940651
970 0.385366412804445 0.614633587195556 0.60896162683043 0.332090700948147
971 0.385366412802185 0.614633587197815 0.608961626830005 0.332090700955471
972 0.385366412799977 0.614633587200023 0.60896162682959 0.332090700962629
973 0.38536641279782 0.61463358720218 0.608961626829185 0.332090700969622
974 0.385366412795712 0.614633587204288 0.608961626828789 0.332090700976456
975 0.385366412793653 0.614633587206347 0.608961626828402 0.332090700983133
976 0.38536641279164 0.61463358720836 0.608961626828024 0.332090700989658
977 0.385366412789673 0.614633587210326 0.608961626827655 0.332090700996034
978 0.385366412787752 0.614633587212248 0.608961626827294 0.332090701002264
979 0.385366412785874 0.614633587214126 0.608961626826942 0.332090701008351
980 0.385366412784039 0.614633587215961 0.608961626826597 0.3320907010143
981 0.385366412782246 0.614633587217754 0.608961626826261 0.332090701020112
982 0.385366412780494 0.614633587219505 0.608961626825931 0.332090701025791
983 0.385366412778783 0.614633587221218 0.60896162682561 0.332090701031341
984 0.38536641277711 0.61463358722289 0.608961626825296 0.332090701036764
985 0.385366412775475 0.614633587224525 0.608961626824989 0.332090701042063
986 0.385366412773878 0.614633587226122 0.608961626824689 0.332090701047241
987 0.385366412772318 0.614633587227682 0.608961626824396 0.3320907010523
988 0.385366412770793 0.614633587229207 0.60896162682411 0.332090701057244
989 0.385366412769303 0.614633587230698 0.60896162682383 0.332090701062075
990 0.385366412767846 0.614633587232154 0.608961626823556 0.332090701066796
991 0.385366412766424 0.614633587233577 0.608961626823289 0.332090701071408
992 0.385366412765033 0.614633587234967 0.608961626823028 0.332090701075915
993 0.385366412763675 0.614633587236325 0.608961626822773 0.332090701080319
994 0.385366412762348 0.614633587237653 0.608961626822524 0.332090701084623
995 0.38536641276105 0.61463358723895 0.60896162682228 0.332090701088828
996 0.385366412759783 0.614633587240217 0.608961626822042 0.332090701092936
997 0.385366412758545 0.614633587241456 0.60896162682181 0.332090701096952
998 0.385366412757334 0.614633587242665 0.608961626821582 0.332090701100875
999 0.385366412756152 0.614633587243848 0.60896162682136 0.332090701104708
1000 0.385366412754996 0.614633587245003 0.608961626821143 0.332090701108454
