"G" "DA2D2" "DA2Y" "DD2Y"
1 3.79323370687347e-05 -6.93889390390723e-18 0.000134093797454391
2 5.93443931373092e-05 7.07043436588839e-06 0.000110194729463884
3 7.45397622731255e-05 1.3045614959982e-05 0.000107732582006413
4 8.76476377192939e-05 1.66242653355728e-05 0.000111054828549664
5 0.000100464590262002 1.96221652440723e-05 0.000116216444006346
6 0.000113670841688623 2.25633059717026e-05 0.000122233085525178
7 0.000127531132156417 2.5605016674507e-05 0.000128876579668479
8 0.000142172469059271 2.88014585321864e-05 0.000136114825112293
9 0.000157680861744754 3.21783342737622e-05 0.000143968484003082
10 0.000174132908905497 3.57540439308718e-05 0.000152474133522469
11 0.000191605852864585 3.95456940133765e-05 0.000161674831098304
12 0.00021018086904811 4.3570839709281e-05 0.000171617799863957
13 0.000229944308092259 4.78480309703544e-05 0.000182353984593088
14 0.000250988344060969 5.23970267748072e-05 0.00019393811032349
15 0.000273411466352735 5.72389203618018e-05 0.000206428885186717
16 0.000297318945431689 6.23962436494888e-05 0.000219889253259845
17 0.000322823311293672 6.78930701148717e-05 0.000234386672928799
18 0.000350044856900426 7.37551217201565e-05 0.000249993414726262
19 0.000379112171097127 8.00098816445827e-05 0.000266786877520025
20 0.00041016270330686 8.6686713509268e-05 0.000284849923221329
21 0.000443343361644662 9.38169874758685e-05 0.000304271230497699
22 0.000478811145877902 0.000101434213505849 0.00032514566801489
23 0.000516733816551455 0.000109574182026742 0.000347574687684946
24 0.000557290601499123 0.000118275112221781 0.000371666738310277
25 0.000600672940846595 0.000127577808127624 0.000397537699897727
26 0.000647085271463535 0.000137525822686148 0.000425311338771918
27 0.000696745851635644 0.000148165629847756 0.000455119783440843
28 0.000749887626494927 0.000159546804766514 0.000487104020954448
29 0.000806759134460965 0.00017172221205515 0.000521414413244058
30 0.000867625454600074 0.000184748201983997 0.000558211232631627
31 0.000932769194394508 0.000198684814407504 0.000597665215347114
32 0.00100249151692128 0.000213595990082485 0.000639958131483649
33 0.00107711320585977 0.000229549788904659 0.000685283369346834
34 0.00115697576606885 0.000246618614428346 0.000733846531609624
35 0.00124244255668585 0.00026487944384939 0.000785866040060571
36 0.00133389995279059 0.000284414062416145 0.000841573745023252
37 0.00143175853063484 0.000305309300993463 0.000901215534721351
38 0.00153645427024859 0.000327657275227287 0.000965051938959883
39 0.00164844976788845 0.000351555624445991 0.00103335872048198
40 0.00176823544927622 0.000377107748091368 0.00110642744623683
41 0.00189633077287914 0.000404423037079701 0.00118456602955369
42 0.00203328541059573 0.000433617097071008 0.00126809923285638
43 0.00217968039112748 0.000464811960152196 0.00135736911907376
44 0.00233612918903219 0.000498136280930435 0.00145273543830569
45 0.00250327873997053 0.000533725512481896 0.0015545759346015
46 0.00268181035997941 0.00057172205701081 0.00166328655590872
47 0.0028724405437475 0.000612275385451201 0.00177928154837615
48 0.00307592161385168 0.00065554211959358 0.00190299341427176
49 0.00329304218977015 0.000701686069649182 0.00203487271084049
50 0.00352462744226487 0.000750878219490485 0.00217538766552496
51 0.0037715390954811 0.00080329665114006 0.00232502358116282
52 0.00403467513592258 0.000859126399443876 0.00248428200312944
53 0.00431496918442272 0.000918559227280985 0.00265367961900038
54 0.00461338948446131 0.000981793311158462 0.00283374686026636
55 0.0049309374578112 0.00104903282665467 0.00302502617506225
56 0.00526864577670345 0.0011204874229392 0.00322806994090351
57 0.00562757590065683 0.00119637157556417 0.00344343798720738
58 0.00600881502603814 0.001276903806932 0.00367169469907042
59 0.00641347239753089 0.00136230576435584 0.00391340567654905
60 0.00684267493323546 0.00145280114649081 0.00416913392771495
61 0.00729756211935768 0.00154861447018678 0.00443943557920097
62 0.00777928013661603 0.00164996967154761 0.00472485509496911
63 0.00828897518885223 0.00175708853722296 0.00502592000274643
64 0.00882778601507729 0.0018701889647552 0.00534313513807738
65 0.00939683557949333 0.00198948305417083 0.00567697642826479
66 0.00999722195000193 0.00211517503695961 0.00602788425257634
67 0.0106300083943526 0.00224745905310664 0.00639625643085105
68 0.0112962127443014 0.00238651679188651 0.00678244090981335
69 0.0119967961017014 0.00253251501761843 0.00718672823463206
70 0.0127326509859348 0.00268560300740059 0.007609343912056
71 0.0135045890489588 0.00284590993382758 0.00805044079018679
72 0.0143133285117103 0.00301354223165354 0.00851009159784696
73 0.0151594815027699 0.00318858099305049 0.00898828180268244
74 0.0160435415059101 0.00337107944125485 0.00948490296062222
75 0.0169658711462009 0.0035610605366934 0.00999974673906867
76 0.0179266905633743 0.00375851477281883 0.0105324998011732
77 0.0189260666347745 0.00396339822056199 0.0110827397377891
78 0.0199639033171058 0.00417563088022709 0.0116499322263524
79 0.021039933375141 0.00439509539759149 0.0122334295814064
80 0.0221537117555794 0.00462163619674538 0.0128324708394341
81 0.0233046108447145 0.00485505907574648 0.0134461834911491
82 0.0244918178192498 0.00509513130250234 0.0140735869378773
83 0.025714334260745 0.00534158223758587 0.0147135977060726
84 0.0269709781565852 0.00559410449822235 0.0153650364066916
85 0.0282603883553641 0.0058523556638687 0.0160266363758929
86 0.0295810314840207 0.00611596050916058 0.016697053882414
87 0.0309312112702334 0.00638451373512912 0.0173748797373239
88 0.0323090801490817 0.00665758315515277 0.0180586520960533
89 0.0337126529705928 0.00693471327876882 0.0187468702029607
90 0.035139822567299 0.00721542922486616 0.0194380087972689
91 0.0365883768909241 0.00749924088646842 0.0201305328776611
92 0.0380560173870565 0.00778564726273662 0.020822912512296
93 0.0395403782478806 0.00807414087026639 0.0215136373820098
94 0.0410390461668577 0.00836421214535299 0.0222012307568934
95 0.0425495802161028 0.00865535375159462 0.0228842626294997
96 0.0440695314768339 0.00894706471278923 0.023561361760302
97 0.0455964620747532 0.00923885429918657 0.0242312264308841
98 0.047127963304066 0.00953024560530159 0.0248926337455573
99 0.0486616725641072 0.00982077876912298 0.025544447370349
100 0.0501952888790089 0.0101100137950559 0.0261856236472927
101 0.051726586821127 0.010397532955729 0.0268152160694678
102 0.0532534287107113 0.010682942760314 0.0274323781463957
103 0.0547737750153593 0.0109658754887611 0.0280363647286342
104 0.0562856929212282 0.0112459903019538 0.0286265318935843
105 0.0577873630922113 0.0115229739469316 0.0292023355209448
106 0.0592770846721473 0.0117965410838469 0.0297633287056241
107 0.0607532786178465 0.0120664342671122 0.0303091581683616
108 0.0622144894769039 0.0123324236172875 0.0308395598302421
109 0.0636593857438878 0.0125943062227264 0.0313543537173676
110 0.0650867589418074 0.0128519053110016 0.0318534383570294
111 0.0664955215832593 0.0131050692298522 0.0323367848177285
112 0.067884704167977 0.0133536702760501 0.0328044305332809
113 0.0692534513714346 0.0135976034083951 0.0332564730369558
114 0.0706010175734564 0.0138367848782332 0.0336930637159843
115 0.0719267618672802 0.0140711508076553 0.0341144016806092
116 0.073230142678952 0.0143006557420547 0.0345207278257564
117 0.0745107121149969 0.014525271200158 0.0349123191479185
118 0.0757681101436038 0.0147449842411177 0.0352894833653357
119 0.0770020587016121 0.0149597960648797 0.0356525538763181
120 0.0782123558067956 0.0151697206588667 0.0360018850787396
121 0.0793988697426374 0.015374783501129 0.036337848063442
122 0.0805615333712191 0.0155750203275083 0.0366608266855166
123 0.0817003386191657 0.0157704759680713 0.0369712140101409
124 0.082815331171912 0.0159612032560939 0.0372694091237537
125 0.0839066054029101 0.0161472620111931 0.0375558142967315
126 0.08497429955681 0.0163287180968104 0.0378308324802531
127 0.0860185911990715 0.0165056425511118 0.038094865117573
128 0.0870396929388631 0.0166781107894656 0.0383483102483111
129 0.0880378484274002 0.0168462018759614 0.0385915608834898
130 0.0890133286299923 0.0170099978609178 0.0388250036287641
131 0.0899664283669308 0.0171695831809611 0.0390490175334891
132 0.0908974631158552 0.0173250441180238 0.0392639731438476
133 0.0918067660663286 0.0174764683134844 0.0394702317391182
134 0.0926946854159268 0.0176239443336291 0.0396681447312374
135 0.0935615818961477 0.0177675612826475 0.0398580532090162
136 0.0944078265158051 0.0179074084594554 0.0400402876096657
137 0.0952337985092161 0.0180435750547654 0.0402151675016249
138 0.0960398834763856 0.0181761498849764 0.040383001464022
139 0.0968264717024724 0.0183052211596331 0.0405440870494214
140 0.0975939566440623 0.0184308762793898 0.0406987108177794
141 0.0983427335701277 0.0185532016616115 0.0408471484307537
142 0.0990731983459995 0.0186722825909407 0.0409896647966524
143 0.0997857463491885 0.0187882030923536 0.041126514257386
144 0.100480771506442 0.0189010458244202 0.0412579408097719
145 0.101158665442011 0.0190108919906665 0.0413841783544603
146 0.101819816727676 0.0191178212671142 0.0415054509665776
147 0.102464610225708 0.019221911744236 0.0416219731829454
148 0.103093426516482 0.0193232398817246 0.041733950301412
149 0.103706641403086 0.0194218804746172 0.0418415786884499
150 0.104304625485776 0.0195179066294549 0.0419450460917237
151 0.104887743799693 0.0196113897492805 0.0420445319548148
152 0.105456355509751 0.0197023995263957 0.0421402077317315
153 0.106010813657092 0.0197910039419049 0.042232237199209
154 0.106551464951955 0.0198772692711697 0.0423207767651442
155 0.107078649608222 0.0199612600943893 0.0424059757718036
156 0.107592701215339 0.0200430393116012 0.0424879767927002
157 0.108093946643622 0.0201226681614728 0.0425669159222593
158 0.108582705979371 0.0202002062433205 0.0426429230575874
159 0.109059292486474 0.0202757115418535 0.0427161221718229
160 0.109524012591528 0.0203492404541962 0.0427866315786934
161 0.109977165889742 0.0204208478187909 0.0428545641880257
162 0.110419045169158 0.0204905869458303 0.0429200277520565
163 0.110849936450958 0.0205585096489056 0.0429831251024826
164 0.111270119043825 0.0206246662775965 0.0430439543782601
165 0.111679865610526 0.0206891057507609 0.0431026092442255
166 0.112079442245074 0.0207518755903093 0.0431591791006585
167 0.112469108558978 0.0208130219552787 0.0432137492839516
168 0.112849117775228 0.0208725896760424 0.043266401258581
169 0.113219716828833 0.0209306222885134 0.0433172128006004
170 0.113581146472809 0.0209871620682185 0.0433662581728994
171 0.113933641388666 0.0210422500641366 0.0434136082924837
172 0.114277430300516 0.0210959261322105 0.0434593308900423
173 0.114612736092036 0.0211482289684538 0.0435034906620771
174 0.114939775925594 0.021199196141587 0.0435461494158719
175 0.115258761362923 0.0212488641251479 0.0435873662075789
176 0.115569898486807 0.0212972683290303 0.0436271974737004
177 0.115873388023292 0.0213444431304127 0.0436656971562421
178 0.116169425463999 0.0213904219040471 0.0437029168218053
179 0.116458201188168 0.021435237051885 0.0437389057748872
180 0.116739900584103 0.0214789200320207 0.0437737111656445
181 0.11701470416974 0.0215215013869397 0.0438073780923738
182 0.117282787712076 0.0215630107710645 0.0438399496989536
183 0.117544322345262 0.0216034769775909 0.0438714672674819
184 0.117799474687164 0.0216429279646143 0.0439019703063391
185 0.11804840695424 0.0216813908805486 0.0439314966338943
186 0.118291277074601 0.0217188920888383 0.0439600824580672
187 0.118528238799141 0.0217554571919737 0.0439877624519465
188 0.118759441810655 0.0217911110548137 0.0440145698256603
189 0.118985031830855 0.021825877827228 0.0440405363946818
190 0.119205150725247 0.0218597809660679 0.0440656926447507
191 0.119419936605805 0.0218928432564782 0.0440900677935771
192 0.119629523931423 0.0219250868325629 0.0441136898494904
193 0.119834043606113 0.0219565331974177 0.0441365856671885
194 0.120033623074952 0.0219872032425441 0.0441587810007314
195 0.120228386417757 0.0220171172666583 0.0441803005539214
196 0.12041845444051 0.0220462949939114 0.0442011680282015
197 0.120603944764524 0.0220747555915341 0.0442214061681983
198 0.120784971913387 0.0221025176869224 0.0442410368050303
199 0.120961647397689 0.022129599384179 0.0442600808974947
200 0.121134079797564 0.0221560182801256 0.0442785585712414
201 0.121302374843078 0.0221817914798008 0.0442964891560377
202 0.121466635492487 0.0222069356114598 0.0443138912212197
203 0.121626962008411 0.0222314668410897 0.044330782609425
204 0.121783452031951 0.0222554008864552 0.0443471804686922
205 0.12193620065479 0.0222787530306893 0.0443631012830128
206 0.122085300489325 0.0223015381354439 0.0443785609014129
207 0.122230841736856 0.0223237706536125 0.0443935745656395
208 0.122372912253892 0.0223454646416401 0.0444081569365242
209 0.122511597616602 0.022366633771433 0.0444223221190887
210 0.122646981183466 0.022387291341882 0.0444360836864583
211 0.122779144156153 0.0224074502900107 0.044449454702643
212 0.122908165638692 0.0224271232017616 0.0444624477442423
213 0.123034122694951 0.0224463223224333 0.0444750749211306
214 0.1231570904045 0.0224650595667782 0.0444873478961712
215 0.123277141916865 0.022483346528774 0.0444992779040106
216 0.12339434850425 0.0225011944910783 0.0445108757689978
217 0.123508779612733 0.0225186144341792 0.0445221519222725
218 0.123620502912014 0.0225356170452495 0.0445331164180637
219 0.123729584343725 0.022552212726717 0.0445437789492383
220 0.123836088168358 0.0225684116045591 0.0445541488621366
221 0.123940077010844 0.0225842235363313 0.0445642351707296
222 0.124041611904828 0.0225996581189392 0.0445740465701335
223 0.124140752335662 0.0226147246961625 0.0445835914495094
224 0.124237556282175 0.0226294323659396 0.0445928779043831
225 0.124332080257237 0.0226437899874204 0.0446019137484087
226 0.124424379347157 0.022657806187796 0.0446107065246069
227 0.124514507249959 0.0226714893689126 0.0446192635161011
228 0.124602516312551 0.0226848477136772 0.0446275917563767
229 0.124688457566837 0.022697889192262 0.0446356980390869
230 0.124772380764793 0.0227106215681141 0.044643588927426
231 0.12485433441254 0.022723052403778 0.0446512707630916
232 0.124934365803447 0.0227351890665364 0.0446587496748553
233 0.125012521050288 0.0227470387338765 0.0446660315867604
234 0.125088845116486 0.0227586083987861 0.0446731222259644
235 0.125163381846469 0.0227699048748874 0.0446800271302434
236 0.125236173995162 0.0227809348014123 0.0446867516551741
237 0.125307263256648 0.0227917046480253 0.0446933009810082
238 0.125376690292017 0.0228022207194992 0.0446996801192552
239 0.125444494756428 0.0228124891602482 0.0447058939189845
240 0.125510715325413 0.0228225159587236 0.0447119470728631
241 0.125575389720435 0.0228323069516764 0.0447178441229385
242 0.125638554733736 0.0228418678282913 0.0447235894661801
243 0.125700246252484 0.0228512041341971 0.0447291873597899
244 0.125760499282253 0.0228603212753556 0.0447346419262924
245 0.125819347969838 0.0228692245218364 0.0447399571584153
246 0.125876825625445 0.0228779190114774 0.0447451369237685
247 0.125932964744262 0.0228864097534384 0.044750184969333
248 0.125987797027429 0.0228947016316487 0.044755104925766
249 0.126041353402435 0.0229027994081536 0.0447599003115319
250 0.126093664042951 0.0229107077263628 0.0447645745368662
251 0.126144758388113 0.0229184311142035 0.044769130907581
252 0.126194665161283 0.0229259739871819 0.0447735726287179
253 0.126243412388293 0.0229333406513555 0.0447779028080547
254 0.126291027415191 0.0229405353062195 0.0447821244594751
255 0.126337536925503 0.02294756204751 0.0447862405062034
256 0.126382966957028 0.0229544248699268 0.0447902537839141
257 0.126427342918176 0.0229611276697773 0.0447941670437184
258 0.126470689603865 0.022967674247546 0.0447979829550361
259 0.126513031210989 0.0229740683103902 0.0448017041083553
260 0.12655439135347 0.0229803134745648 0.044805333017886
261 0.126594793076902 0.0229864132677793 0.0448088721241125
262 0.126634258872812 0.0229923711314872 0.0448123237962478
263 0.126672810692526 0.0229981904231121 0.0448156903345951
264 0.126710469960681 0.0230038744182109 0.0448189739728199
265 0.126747257588363 0.0230094263125768 0.0448221768801369
266 0.126783193985907 0.0230148492242838 0.0448253011634146
267 0.126818299075352 0.0230201461956741 0.0448283488692021
268 0.126852592302571 0.0230253201952913 0.04483132198568
269 0.126886092649077 0.0230303741197596 0.0448342224445399
270 0.12691881864352 0.0230353107956115 0.0448370521227945
271 0.126950788372888 0.0230401329810658 0.0448398128445218
272 0.126982019493403 0.0230448433677563 0.0448425063825458
273 0.127012529241148 0.0230494445824146 0.0448451344600559
274 0.127042334442396 0.0230539391885056 0.0448476987521688
275 0.127071451523697 0.02305832968782 0.0448502008874335
276 0.127099896521676 0.0230626185220234 0.0448526424492834
277 0.127127685092599 0.0230668080741636 0.0448550249774357
278 0.127154832521679 0.0230709006701373 0.044857349969243
279 0.127181353732146 0.0230748985801179 0.0448596188809956
280 0.127207263294085 0.023078804019945 0.0448618331291794
281 0.127232575433046 0.0230826191524768 0.0448639940916893
282 0.12725730403843 0.0230863460889068 0.0448661031090009
283 0.127281462671668 0.0230899868900453 0.0448681614853016
284 0.127305064574182 0.0230935435675676 0.0448701704895827
285 0.127328122675154 0.0230970180852286 0.0448721313566947
286 0.127350649599084 0.0231004123600461 0.0448740452883659
287 0.127372657673171 0.0231037282634528 0.0448759134541868
288 0.127394158934493 0.0231069676224182 0.0448777369925622
289 0.12741516513702 0.0231101322205412 0.0448795170116294
290 0.127435687758434 0.0231132237991144 0.0448812545901476
291 0.127455738006792 0.0231162440581608 0.0448829507783572
292 0.12747532682701 0.0231191946574432 0.0448846065988099
293 0.127494464907195 0.0231220772174485 0.0448862230471725
294 0.127513162684807 0.0231248933203452 0.0448878010930037
295 0.127531430352674 0.0231276445109179 0.0448893416805057
296 0.127549277864859 0.0231303322974762 0.0448908457292517
297 0.127566714942372 0.023132958152742 0.0448923141348892
298 0.127583751078749 0.0231355235147127 0.0448937477698216
299 0.127600395545483 0.0231380297875029 0.044895147483867
300 0.127616657397334 0.023140478342165 0.0448965141048967
301 0.12763254547749 0.0231428705174888 0.0448978484394527
302 0.127648068422616 0.0231452076207804 0.044899151273347
303 0.127663234667769 0.0231474909286221 0.04490042337224
304 0.127678052451195 0.0231497216876125 0.0449016654822029
305 0.127692529819008 0.0231519011150883 0.0449028783302613
306 0.127706674629754 0.0231540303998282 0.0449040626249218
307 0.127720494558861 0.0231561107027384 0.0449052190566834
308 0.127733997102984 0.0231581431575215 0.0449063482985321
309 0.127747189584237 0.0231601288713288 0.0449074510064204
310 0.12776007915433 0.0231620689253957 0.0449085278197333
311 0.1277726727986 0.0231639643756619 0.0449095793617385
312 0.127784977339942 0.0231658162533755 0.0449106062400242
313 0.127796999442649 0.0231676255656832 0.0449116090469232
314 0.127808745616155 0.0231693932962046 0.0449125883599241
315 0.127820222218689 0.0231711204055928 0.0449135447420709
316 0.127831435460842 0.0231728078320817 0.0449144787423497
317 0.12784239140904 0.0231744564920193 0.044915390896065
318 0.127853095988945 0.0231760672803872 0.0449162817252041
319 0.127863554988762 0.0231776410713087 0.0449171517387908
320 0.127873774062475 0.0231791787185436 0.0449180014332295
321 0.127883758732997 0.0231806810559707 0.0449188312926383
322 0.127893514395255 0.0231821488980592 0.044919641789173
323 0.127903046319187 0.0231835830403277 0.0449204333833415
324 0.127912359652679 0.0231849842597931 0.0449212065243091
325 0.127921459424427 0.0231863533154071 0.0449219616501957
326 0.127930350546724 0.0231876909484836 0.0449226991883625
327 0.127939037818194 0.0231889978831145 0.0449234195556937
328 0.127947525926449 0.0231902748265763 0.0449241231588669
329 0.127955819450686 0.0231915224697261 0.044924810394618
330 0.127963922864221 0.0231927414873884 0.044925481649998
331 0.12797184053697 0.0231939325387328 0.0449261373026225
332 0.127979576737855 0.0231950962676417 0.0449267777209137
333 0.127987135637171 0.0231962333030701 0.044927403264337
334 0.127994521308882 0.0231973442593961 0.0449280142836295
335 0.12800173773287 0.0231984297367634 0.0449286111210235
336 0.128008788797132 0.0231994903214151 0.0449291941104623
337 0.128015678299917 0.0232005265860196 0.0449297635778117
338 0.128022409951817 0.0232015390899891 0.0449303198410647
339 0.128028987377812 0.0232025283797899 0.0449308632105405
340 0.128035414119262 0.0232034949892455 0.0449313939890785
341 0.12804169363585 0.0232044394398328 0.0449319124722273
342 0.128047829307484 0.0232053622409703 0.0449324189484276
343 0.128053824436151 0.0232062638903005 0.0449329136991908
344 0.128059682247729 0.0232071448739646 0.0449333969992732
345 0.128065405893754 0.0232080056668716 0.0449338691168441
346 0.128070998453148 0.02320884673296 0.0449343303136514
347 0.128076462933905 0.0232096685254542 0.0449347808451808
348 0.128081802274733 0.0232104714871141 0.044935220960812
349 0.128087019346669 0.0232112560504788 0.0449356509039703
350 0.128092116954642 0.0232120226381055 0.0449360709122746
351 0.128097097839007 0.0232127716628012 0.0449364812176803
352 0.128101964677046 0.0232135035278501 0.0449368820466204
353 0.128106720084423 0.0232142186272352 0.0449372736201409
354 0.128111366616617 0.0232149173458545 0.044937656154034
355 0.128115906770313 0.0232156000597324 0.0449380298589672
356 0.128120342984762 0.0232162671362258 0.0449383949406092
357 0.128124677643113 0.0232169189342258 0.0449387515997522
358 0.12812891307371 0.0232175558043538 0.044939100032432
359 0.128133051551358 0.0232181780891543 0.0449394404300435
360 0.128137095298565 0.0232187861232815 0.044939772979455
361 0.128141046486745 0.0232193802336831 0.0449400978631175
362 0.128144907237407 0.0232199607397785 0.0449404152591731
363 0.128148679623301 0.0232205279536336 0.0449407253415594
364 0.128152365669546 0.0232210821801313 0.0449410282801118
365 0.128155967354736 0.0232216237171381 0.0449413242406628
366 0.128159486612004 0.023222152855666 0.0449416133851393
367 0.128162925330081 0.0232226698800321 0.044941895871657
368 0.128166285354315 0.0232231750680129 0.0449421718546119
369 0.128169568487675 0.023223668690996 0.0449424414847713
370 0.128172776491728 0.0232241510141278 0.0449427049093602
371 0.128175911087591 0.0232246222964582 0.0449429622721471
372 0.128178973956871 0.0232250827910812 0.0449432137135272
373 0.128181966742567 0.0232255327452725 0.0449434593706033
374 0.128184891049967 0.0232259724006245 0.0449436993772647
375 0.128187748447515 0.0232264019931773 0.0449439338642647
376 0.128190540467657 0.023226821753547 0.0449441629592954
377 0.128193268607676 0.0232272319070509 0.0449443867870608
378 0.128195934330497 0.02322763267383 0.0449446054693488
379 0.128198539065479 0.0232280242689685 0.0449448191251002
380 0.128201084209194 0.0232284069026104 0.0449450278704772
381 0.128203571126172 0.0232287807800737 0.0449452318189292
382 0.128206001149645 0.0232291461019615 0.0449454310812576
383 0.128208375582268 0.0232295030642707 0.044945625765679
384 0.128210695696819 0.0232298518584986 0.0449458159778862
385 0.128212962736887 0.0232301926717465 0.0449460018211086
386 0.128215177917547 0.0232305256868207 0.0449461833961703
387 0.128217342426011 0.0232308510823319 0.0449463608015476
388 0.128219457422272 0.0232311690327917 0.0449465341334242
389 0.128221524039731 0.0232314797087073 0.0449467034857457
390 0.128223543385804 0.0232317832766731 0.0449468689502723
391 0.128225516542523 0.0232320798994617 0.044947030616631
392 0.128227444567118 0.023232369736111 0.0449471885723654
393 0.128229328492588 0.0232326529420109 0.0449473429029854
394 0.128231169328257 0.0232329296689869 0.0449474936920147
395 0.128232968060319 0.0232332000653823 0.044947641021038
396 0.128234725652367 0.0232334642761383 0.0449477849697463
397 0.128236443045915 0.0232337224428721 0.0449479256159821
398 0.128238121160905 0.0232339747039537 0.0449480630357822
399 0.128239760896199 0.0232342211945802 0.0449481973034205
400 0.128241363130067 0.0232344620468492 0.0449483284914495
401 0.12824292872066 0.0232346973898296 0.0449484566707406
402 0.128244458506466 0.0232349273496319 0.0449485819105233
403 0.128245953306771 0.0232351520494754 0.0449487042784245
404 0.128247413922091 0.0232353716097552 0.044948823840505
405 0.128248841134606 0.023235586148107 0.044948940661297
406 0.128250235708585 0.0232357957794706 0.0449490548038398
407 0.128251598390789 0.0232360006161514 0.0449491663297142
408 0.128252929910879 0.0232362007678816 0.0449492752990771
409 0.128254230981806 0.0232363963418787 0.0449493817706951
410 0.128255502300196 0.0232365874429038 0.044949485801976
411 0.12825674454672 0.0232367741733176 0.0449495874490012
412 0.128257958386466 0.0232369566331355 0.044949686766557
413 0.128259144469293 0.0232371349200819 0.044949783808164
414 0.128260303430181 0.0232373091296424 0.0449498786261071
415 0.128261435889571 0.0232374793551152 0.0449499712714642
416 0.1282625424537 0.0232376456876618 0.0449500617941344
417 0.128263623714927 0.0232378082163552 0.0449501502428654
418 0.128264680252051 0.0232379670282287 0.0449502366652804
419 0.128265712630618 0.0232381222083221 0.0449503211079039
420 0.128266721403233 0.0232382738397276 0.044950403616188
421 0.128267707109847 0.0232384220036348 0.0449504842345364
422 0.128268670278054 0.0232385667793739 0.0449505630063295
423 0.128269611423374 0.0232387082444587 0.044950639973948
424 0.128270531049524 0.0232388464746278 0.0449507151787959
425 0.128271429648696 0.0232389815438861 0.0449507886613235
426 0.128272307701813 0.0232391135245437 0.0449508604610491
427 0.128273165678797 0.0232392424872554 0.0449509306165812
428 0.128274004038811 0.0232393685010583 0.0449509991656392
429 0.128274823230513 0.0232394916334092 0.0449510661450741
430 0.128275623692293 0.0232396119502203 0.0449511315908886
431 0.128276405852508 0.0232397295158953 0.0449511955382567
432 0.128277170129716 0.0232398443933634 0.0449512580215433
433 0.128277916932895 0.0232399566441137 0.0449513190743226
434 0.128278646661665 0.0232400663282273 0.0449513787293962
435 0.128279359706503 0.0232401735044108 0.0449514370188114
436 0.128280056448952 0.0232402782300265 0.0449514939738786
437 0.128280737261824 0.0232403805611242 0.0449515496251879
438 0.128281402509403 0.0232404805524708 0.0449516040026265
439 0.128282052547636 0.02324057825758 0.0449516571353943
440 0.12828268772433 0.0232406737287406 0.0449517090520201
441 0.128283308379331 0.0232407670170447 0.044951759780377
442 0.128283914844712 0.0232408581724156 0.0449518093476975
443 0.128284507444951 0.0232409472436338 0.0449518577805886
444 0.128285086497099 0.0232410342783637 0.044951905105046
445 0.128285652310958 0.0232411193231793 0.0449519513464682
446 0.12828620518924 0.0232412024235885 0.04495199652967
447 0.128286745427733 0.0232412836240582 0.044952040678897
448 0.128287273315462 0.0232413629680377 0.0449520838178373
449 0.128287789134836 0.0232414404979823 0.0449521259696356
450 0.128288293161806 0.0232415162553759 0.0449521671569049
451 0.128288785666013 0.0232415902807534 0.0449522074017394
452 0.128289266910927 0.023241662613722 0.0449522467257258
453 0.128289737153995 0.0232417332929833 0.0449522851499556
454 0.128290196646772 0.0232418023563529 0.0449523226950362
455 0.128290645635061 0.0232418698407818 0.0449523593811019
456 0.128291084359045 0.0232419357823754 0.0449523952278252
457 0.12829151305341 0.0232420002164133 0.0449524302544272
458 0.128291931947477 0.0232420631773677 0.0449524644796881
459 0.128292341265321 0.0232421246989229 0.0449524979219571
460 0.128292741225892 0.0232421848139919 0.0449525305991627
461 0.128293132043134 0.0232422435547355 0.044952562528822
462 0.128293513926097 0.0232423009525785 0.0449525937280506
463 0.12829388707905 0.0232423570382269 0.0449526242135713
464 0.12829425170159 0.0232424118416844 0.0449526540017236
465 0.128294607988752 0.0232424653922686 0.0449526831084725
466 0.128294956131107 0.0232425177186262 0.0449527115494166
467 0.12829529631487 0.0232425688487489 0.0449527393397972
468 0.128295628721998 0.0232426188099881 0.044952766494506
469 0.128295953530285 0.0232426676290698 0.0449527930280934
470 0.128296270913462 0.0232427153321084 0.0449528189547763
471 0.128296581041285 0.0232427619446213 0.0449528442884458
472 0.128296884079627 0.0232428074915423 0.0449528690426746
473 0.128297180190572 0.0232428519972349 0.0449528932307242
474 0.128297469532495 0.0232428954855052 0.0449529168655525
475 0.128297752260148 0.0232429379796153 0.0449529399598203
476 0.128298028524748 0.023242979502295 0.0449529625258982
477 0.12829829847405 0.0232430200757543 0.0449529845758735
478 0.128298562252435 0.0232430597216953 0.0449530061215567
479 0.12829882000098 0.0232430984613239 0.0449530271744875
480 0.128299071857535 0.0232431363153609 0.0449530477459412
481 0.128299317956801 0.0232431733040535 0.0449530678469352
482 0.128299558430396 0.0232432094471856 0.0449530874882341
483 0.128299793406931 0.0232432447640888 0.0449531066803561
484 0.128300023012075 0.0232432792736527 0.0449531254335786
485 0.128300247368623 0.023243312994335 0.0449531437579436
486 0.128300466596565 0.023243345944171 0.0449531616632629
487 0.128300680813144 0.023243378140784 0.0449531791591239
488 0.128300890132925 0.023243409601394 0.0449531962548941
489 0.128301094667852 0.0232434403428276 0.0449532129597269
490 0.128301294527311 0.0232434703815261 0.0449532292825659
491 0.128301489818184 0.0232434997335553 0.0449532452321498
492 0.128301680644913 0.0232435284146137 0.0449532608170176
493 0.12830186710955 0.0232435564400404 0.0449532760455122
494 0.128302049311815 0.0232435838248241 0.0449532909257862
495 0.128302227349146 0.0232436105836107 0.044953305465805
496 0.128302401316754 0.0232436367307113 0.0449533196733519
497 0.128302571307676 0.0232436622801096 0.044953333556032
498 0.128302737412817 0.0232436872454697 0.0449533471212764
499 0.128302899721008 0.0232437116401433 0.0449533603763458
500 0.128303058319046 0.0232437354771767 0.044953373328335
501 0.128303213291746 0.023243758769318 0.0449533859841764
502 0.128303364721983 0.0232437815290238 0.0449533983506435
503 0.128303512690736 0.0232438037684659 0.044953410434355
504 0.128303657277134 0.0232438254995378 0.0449534222417781
505 0.128303798558497 0.0232438467338611 0.0449534337792318
506 0.128303936610377 0.0232438674827916 0.0449534450528906
507 0.128304071506599 0.0232438877574256 0.044953456068788
508 0.1283042033193 0.0232439075686056 0.0449534668328188
509 0.128304332118967 0.0232439269269263 0.0449534773507435
510 0.128304457974477 0.0232439458427401 0.0449534876281904
511 0.128304580953131 0.0232439643261627 0.0449534976706592
512 0.128304701120694 0.0232439823870785 0.0449535074835237
513 0.128304818541423 0.0232440000351461 0.0449535170720348
514 0.128304933278111 0.0232440172798032 0.0449535264413232
515 0.128305045392112 0.0232440341302716 0.0449535355964021
516 0.128305154943379 0.0232440505955623 0.0449535445421702
517 0.128305261990493 0.0232440666844805 0.0449535532834141
518 0.128305366590698 0.0232440824056298 0.0449535618248107
519 0.128305468799927 0.0232440977674174 0.0449535701709301
520 0.128305568672837 0.023244112778058 0.0449535783262378
521 0.128305666262832 0.0232441274455789 0.044953586295097
522 0.128305761622098 0.0232441417778233 0.0449535940817714
523 0.128305854801627 0.0232441557824557 0.0449536016904267
524 0.128305945851245 0.0232441694669649 0.0449536091251339
525 0.12830603481964 0.0232441828386689 0.0449536163898704
526 0.128306121754387 0.0232441959047181 0.0449536234885226
527 0.128306206701971 0.0232442086720994 0.0449536304248884
528 0.128306289707817 0.0232442211476404 0.0449536372026784
529 0.12830637081631 0.0232442333380121 0.0449536438255187
530 0.128306450070823 0.0232442452497332 0.0449536502969522
531 0.128306527513733 0.0232442568891736 0.0449536566204407
532 0.128306603186452 0.0232442682625572 0.0449536627993672
533 0.128306677129444 0.0232442793759658 0.0449536688370369
534 0.128306749382249 0.0232442902353422 0.0449536747366797
535 0.1283068199835 0.0232443008464934 0.0449536805014514
536 0.128306888970952 0.0232443112150934 0.0449536861344358
537 0.128306956381491 0.0232443213466867 0.044953691638646
538 0.128307022251165 0.023244331246691 0.0449536970170265
539 0.128307086615196 0.0232443409204002 0.044953702272454
540 0.128307149507999 0.023244350372987 0.0449537074077399
541 0.128307210963204 0.023244359609506 0.0449537124256309
542 0.128307271013674 0.0232443686348964 0.044953717328811
543 0.128307329691518 0.0232443774539841 0.0449537221199031
544 0.128307387028111 0.023244386071485 0.0449537268014696
545 0.128307443054113 0.0232443944920071 0.0449537313760148
546 0.128307497799481 0.023244402720053 0.0449537358459854
547 0.128307551293489 0.0232444107600225 0.0449537402137724
548 0.12830760356474 0.0232444186162147 0.0449537444817117
549 0.128307654641185 0.0232444262928306 0.0449537486520864
550 0.128307704550134 0.0232444337939748 0.0449537527271268
551 0.128307753318275 0.0232444411236585 0.0449537567090127
552 0.128307800971684 0.023244448285801 0.0449537605998736
553 0.128307847535842 0.0232444552842319 0.0449537644017905
554 0.128307893035648 0.0232444621226935 0.0449537681167971
555 0.128307937495429 0.0232444688048425 0.0449537717468801
556 0.128307980938961 0.0232444753342518 0.044953775293981
557 0.128308023389471 0.0232444817144128 0.044953778759997
558 0.128308064869658 0.0232444879487371 0.0449537821467818
559 0.128308105401703 0.0232444940405583 0.0449537854561468
560 0.128308145007277 0.0232444999931337 0.0449537886898618
561 0.128308183707559 0.0232445058096462 0.0449537918496563
562 0.128308221523241 0.0232445114932061 0.0449537949372202
563 0.128308258474544 0.0232445170468523 0.0449537979542048
564 0.128308294581225 0.0232445224735544 0.0449538009022236
565 0.128308329862591 0.0232445277762143 0.0449538037828532
566 0.128308364337507 0.0232445329576671 0.0449538065976343
567 0.128308398024406 0.0232445380206836 0.0449538093480721
568 0.128308430941302 0.0232445429679709 0.0449538120356375
569 0.128308463105794 0.0232445478021744 0.0449538146617679
570 0.128308494535082 0.023244552525879 0.0449538172278678
571 0.12830852524597 0.0232445571416103 0.0449538197353094
572 0.12830855525488 0.0232445616518367 0.0449538221854337
573 0.128308584577856 0.0232445660589695 0.044953824579551
574 0.12830861323058 0.0232445703653654 0.0449538269189416
575 0.128308641228369 0.023244574573327 0.0449538292048566
576 0.128308668586196 0.0232445786851044 0.0449538314385184
577 0.128308695318689 0.023244582702896 0.0449538336211216
578 0.12830872144014 0.0232445866288502 0.0449538357538334
579 0.128308746964518 0.0232445904650663 0.0449538378377941
580 0.128308771905469 0.0232445942135954 0.0449538398741185
581 0.12830879627633 0.0232445978764419 0.0449538418638953
582 0.128308820090132 0.0232446014555644 0.0449538438081886
583 0.128308843359608 0.0232446049528765 0.0449538457080382
584 0.128308866097201 0.0232446083702484 0.0449538475644601
585 0.128308888315066 0.0232446117095071 0.0449538493784469
586 0.128308910025086 0.0232446149724384 0.0449538511509688
587 0.128308931238867 0.0232446181607868 0.0449538528829736
588 0.128308951967752 0.0232446212762571 0.0449538545753875
589 0.128308972222826 0.0232446243205152 0.0449538562291155
590 0.128308992014918 0.0232446272951888 0.044953857845042
591 0.128309011354611 0.0232446302018686 0.0449538594240311
592 0.128309030252247 0.0232446330421086 0.0449538609669271
593 0.128309048717928 0.0232446358174276 0.0449538624745551
594 0.12830906676153 0.0232446385293094 0.0449538639477213
595 0.128309084392699 0.0232446411792042 0.0449538653872135
596 0.128309101620863 0.0232446437685288 0.0449538667938015
597 0.128309118455234 0.0232446462986677 0.0449538681682373
598 0.128309134904813 0.0232446487709737 0.0449538695112559
599 0.128309150978394 0.0232446511867689 0.0449538708235756
600 0.128309166684574 0.0232446535473448 0.0449538721058981
601 0.128309182031749 0.0232446558539638 0.044953873358909
602 0.128309197028126 0.023244658107859 0.0449538745832785
603 0.128309211681723 0.0232446603102357 0.0449538757796611
604 0.128309226000375 0.0232446624622715 0.0449538769486967
605 0.128309239991738 0.0232446645651171 0.0449538780910105
606 0.128309253663294 0.0232446666198967 0.0449538792072131
607 0.128309267022352 0.0232446686277091 0.0449538802979014
608 0.128309280076055 0.023244670589628 0.0449538813636588
609 0.128309292831383 0.0232446725067021 0.0449538824050551
610 0.128309305295156 0.0232446743799567 0.0449538834226471
611 0.128309317474039 0.0232446762103933 0.044953884416979
612 0.128309329374543 0.0232446779989907 0.0449538853885824
613 0.128309341003031 0.0232446797467051 0.0449538863379771
614 0.128309352365721 0.0232446814544712 0.0449538872656704
615 0.128309363468689 0.0232446831232019 0.0449538881721586
616 0.12830937431787 0.0232446847537896 0.0449538890579264
617 0.128309384919067 0.0232446863471061 0.0449538899234473
618 0.128309395277947 0.0232446879040034 0.0449538907691843
619 0.128309405400049 0.0232446894253139 0.0449538915955895
620 0.128309415290785 0.023244690911851 0.0449538924031048
621 0.128309424955444 0.0232446923644096 0.044953893192162
622 0.128309434399194 0.0232446937837664 0.044953893963183
623 0.128309443627083 0.0232446951706802 0.0449538947165802
624 0.128309452644046 0.0232446965258926 0.0449538954527563
625 0.128309461454904 0.0232446978501283 0.0449538961721051
626 0.128309470064368 0.0232446991440953 0.044953896875011
627 0.128309478477042 0.0232447004084855 0.0449538975618502
628 0.128309486697423 0.0232447016439748 0.0449538982329897
629 0.128309494729907 0.023244702851224 0.0449538988887883
630 0.128309502578789 0.0232447040308785 0.044953899529597
631 0.128309510248265 0.0232447051835691 0.0449539001557581
632 0.128309517742437 0.0232447063099121 0.0449539007676066
633 0.12830952506531 0.0232447074105097 0.0449539013654695
634 0.128309532220802 0.0232447084859504 0.0449539019496667
635 0.128309539212738 0.0232447095368093 0.0449539025205105
636 0.128309546044855 0.0232447105636482 0.0449539030783061
637 0.128309552720808 0.0232447115670162 0.0449539036233518
638 0.128309559244165 0.0232447125474497 0.0449539041559389
639 0.128309565618415 0.0232447135054729 0.0449539046763523
640 0.128309571846966 0.0232447144415983 0.0449539051848703
641 0.128309577933149 0.0232447153563261 0.0449539056817647
642 0.128309583880216 0.0232447162501456 0.0449539061673012
643 0.128309589691349 0.0232447171235347 0.0449539066417395
644 0.128309595369654 0.0232447179769603 0.0449539071053332
645 0.128309600918168 0.0232447188108788 0.0449539075583303
646 0.128309606339857 0.0232447196257359 0.0449539080009729
647 0.12830961163762 0.0232447204219676 0.0449539084334978
648 0.128309616814289 0.0232447211999994 0.0449539088561361
649 0.128309621872634 0.0232447219602474 0.044953909269114
650 0.128309626815357 0.0232447227031181 0.0449539096726521
651 0.128309631645102 0.0232447234290086 0.0449539100669662
652 0.128309636364452 0.0232447241383071 0.0449539104522674
653 0.12830964097593 0.0232447248313929 0.0449539108287614
654 0.128309645482001 0.0232447255086365 0.0449539111966497
655 0.128309649885075 0.0232447261704001 0.0449539115561289
656 0.128309654187506 0.0232447268170373 0.0449539119073913
657 0.128309658391594 0.0232447274488942 0.0449539122506247
658 0.128309662499588 0.0232447280663084 0.0449539125860126
659 0.128309666513683 0.0232447286696101 0.0449539129137343
660 0.128309670436027 0.0232447292591219 0.0449539132339651
661 0.128309674268716 0.0232447298351589 0.0449539135468761
662 0.128309678013799 0.0232447303980293 0.0449539138526349
663 0.12830968167328 0.0232447309480338 0.0449539141514047
664 0.128309685249114 0.0232447314854666 0.0449539144433453
665 0.128309688743214 0.0232447320106152 0.0449539147286129
666 0.128309692157448 0.0232447325237601 0.04495391500736
667 0.128309695493641 0.0232447330251759 0.0449539152797355
668 0.128309698753577 0.0232447335151306 0.0449539155458853
669 0.128309701939 0.0232447339938862 0.0449539158059515
670 0.128309705051612 0.0232447344616987 0.0449539160600733
671 0.128309708093078 0.0232447349188182 0.0449539163083864
672 0.128309711065023 0.0232447353654891 0.0449539165510237
673 0.128309713969038 0.0232447358019503 0.0449539167881149
674 0.128309716806674 0.023244736228435 0.0449539170197868
675 0.12830971957945 0.0232447366451715 0.0449539172461633
676 0.128309722288847 0.0232447370523824 0.0449539174673653
677 0.128309724936314 0.0232447374502855 0.0449539176835112
678 0.128309727523267 0.0232447378390936 0.0449539178947166
679 0.128309730051088 0.0232447382190146 0.0449539181010943
680 0.12830973252113 0.0232447385902514 0.0449539183027548
681 0.128309734934714 0.0232447389530028 0.0449539184998057
682 0.128309737293129 0.0232447393074627 0.0449539186923526
683 0.128309739597637 0.0232447396538205 0.0449539188804983
684 0.12830974184947 0.0232447399922614 0.0449539190643435
685 0.128309744049832 0.0232447403229665 0.0449539192439865
686 0.128309746199899 0.0232447406461125 0.0449539194195233
687 0.128309748300821 0.0232447409618722 0.0449539195910477
688 0.128309750353721 0.0232447412704145 0.0449539197586515
689 0.128309752359698 0.0232447415719042 0.0449539199224243
690 0.128309754319823 0.0232447418665027 0.0449539200824537
691 0.128309756235145 0.0232447421543675 0.0449539202388252
692 0.128309758106687 0.0232447424356524 0.0449539203916224
693 0.128309759935451 0.0232447427105078 0.0449539205409271
694 0.128309761722414 0.0232447429790808 0.044953920686819
695 0.128309763468531 0.0232447432415149 0.0449539208293763
696 0.128309765174737 0.0232447434979504 0.044953920968675
697 0.128309766841944 0.0232447437485244 0.0449539211047897
698 0.128309768471042 0.023244743993371 0.0449539212377932
699 0.128309770062903 0.0232447442326211 0.0449539213677565
700 0.128309771618379 0.0232447444664024 0.0449539214947492
701 0.1283097731383 0.0232447446948402 0.0449539216188393
702 0.128309774623481 0.0232447449180565 0.0449539217400929
703 0.128309776074713 0.0232447451361706 0.0449539218585749
704 0.128309777492774 0.0232447453492991 0.0449539219743488
705 0.128309778878422 0.0232447455575562 0.0449539220874763
706 0.128309780232398 0.0232447457610529 0.044953922198018
707 0.128309781555425 0.0232447459598983 0.044953922306033
708 0.128309782848212 0.0232447461541987 0.0449539224115792
709 0.128309784111448 0.0232447463440578 0.0449539225147127
710 0.128309785345811 0.0232447465295772 0.044953922615489
711 0.128309786551959 0.0232447467108561 0.0449539227139617
712 0.128309787730537 0.0232447468879914 0.0449539228101836
713 0.128309788882176 0.0232447470610779 0.044953922904206
714 0.128309790007492 0.0232447472302081 0.0449539229960794
715 0.128309791107086 0.0232447473954724 0.0449539230858528
716 0.128309792181546 0.0232447475569592 0.0449539231735742
717 0.128309793231447 0.0232447477147548 0.0449539232592905
718 0.12830979425735 0.0232447478689437 0.0449539233430476
719 0.128309795259803 0.0232447480196081 0.0449539234248902
720 0.128309796239343 0.0232447481668288 0.044953923504862
721 0.128309797196493 0.0232447483106843 0.0449539235830059
722 0.128309798131765 0.0232447484512518 0.0449539236593637
723 0.128309799045659 0.0232447485886062 0.0449539237339761
724 0.128309799938664 0.023244748722821 0.044953923806883
725 0.128309800811257 0.0232447488539681 0.0449539238781235
726 0.128309801663905 0.0232447489821175 0.0449539239477356
727 0.128309802497064 0.0232447491073377 0.0449539240157566
728 0.128309803311179 0.0232447492296956 0.0449539240822227
729 0.128309804106685 0.0232447493492568 0.0449539241471696
730 0.128309804884008 0.0232447494660852 0.0449539242106321
731 0.128309805643563 0.0232447495802431 0.0449539242726439
732 0.128309806385757 0.0232447496917918 0.0449539243332383
733 0.128309807110987 0.0232447498007907 0.0449539243924476
734 0.128309807819639 0.0232447499072981 0.0449539244503036
735 0.128309808512094 0.0232447500113711 0.0449539245068371
736 0.12830980918872 0.0232447501130652 0.0449539245620785
737 0.128309809849881 0.0232447502124349 0.0449539246160571
738 0.12830981049593 0.0232447503095332 0.044953924668802
739 0.128309811127211 0.0232447504044121 0.0449539247203412
740 0.128309811744063 0.0232447504971224 0.0449539247707024
741 0.128309812346816 0.0232447505877135 0.0449539248199124
742 0.128309812935791 0.0232447506762339 0.0449539248679976
743 0.128309813511303 0.023244750762731 0.0449539249149838
744 0.128309814073661 0.023244750847251 0.0449539249608959
745 0.128309814623165 0.0232447509298391 0.0449539250057586
746 0.128309815160109 0.0232447510105394 0.0449539250495959
747 0.128309815684779 0.0232447510893952 0.0449539250924312
748 0.128309816197457 0.0232447511664485 0.0449539251342873
749 0.128309816698416 0.0232447512417405 0.0449539251751868
750 0.128309817187925 0.0232447513153116 0.0449539252151514
751 0.128309817666245 0.023244751387201 0.0449539252542024
752 0.128309818133632 0.0232447514574473 0.0449539252923609
753 0.128309818590335 0.0232447515260879 0.0449539253296472
754 0.1283098190366 0.0232447515931595 0.0449539253660812
755 0.128309819472664 0.0232447516586981 0.0449539254016825
756 0.12830981989876 0.0232447517227386 0.0449539254364699
757 0.128309820315117 0.0232447517853153 0.0449539254704622
758 0.128309820721958 0.0232447518464617 0.0449539255036776
759 0.128309821119499 0.0232447519062104 0.0449539255361337
760 0.128309821507953 0.0232447519645934 0.044953925567848
761 0.128309821887528 0.023244752021642 0.0449539255988374
762 0.128309822258428 0.0232447520773865 0.0449539256291183
763 0.128309822620849 0.0232447521318569 0.0449539256587072
764 0.128309822974986 0.0232447521850822 0.0449539256876198
765 0.128309823321029 0.023244752237091 0.0449539257158715
766 0.128309823659162 0.0232447522879109 0.0449539257434773
767 0.128309823989566 0.0232447523375693 0.0449539257704523
768 0.128309824312418 0.0232447523860926 0.0449539257968106
769 0.12830982462789 0.0232447524335067 0.0449539258225665
770 0.128309824936152 0.0232447524798371 0.0449539258477336
771 0.128309825237368 0.0232447525251085 0.0449539258723255
772 0.128309825531698 0.0232447525693452 0.0449539258963553
773 0.128309825819301 0.0232447526125706 0.0449539259198358
774 0.12830982610033 0.0232447526548081 0.0449539259427797
775 0.128309826374935 0.0232447526960801 0.044953925965199
776 0.128309826643264 0.0232447527364088 0.044953925987106
777 0.12830982690546 0.0232447527758157 0.0449539260085122
778 0.128309827161662 0.0232447528143218 0.0449539260294291
779 0.128309827412008 0.0232447528519477 0.0449539260498679
780 0.128309827656632 0.0232447528887136 0.0449539260698396
781 0.128309827895664 0.0232447529246392 0.0449539260893547
782 0.128309828129233 0.0232447529597436 0.0449539261084237
783 0.128309828357463 0.0232447529940456 0.0449539261270569
784 0.128309828580476 0.0232447530275635 0.0449539261452642
785 0.128309828798392 0.0232447530603153 0.0449539261630553
786 0.128309829011327 0.0232447530923185 0.0449539261804398
787 0.128309829219394 0.0232447531235902 0.0449539261974268
788 0.128309829422706 0.0232447531541471 0.0449539262140257
789 0.128309829621371 0.0232447531840055 0.0449539262302451
790 0.128309829815494 0.0232447532131815 0.0449539262460938
791 0.128309830005181 0.0232447532416905 0.0449539262615802
792 0.128309830190531 0.0232447532695479 0.0449539262767126
793 0.128309830371646 0.0232447532967686 0.0449539262914991
794 0.12830983054862 0.0232447533233671 0.0449539263059477
795 0.128309830721549 0.0232447533493576 0.044953926320066
796 0.128309830890525 0.023244753374754 0.0449539263338616
797 0.128309831055639 0.02324475339957 0.0449539263473418
798 0.128309831216979 0.0232447534238187 0.044953926360514
799 0.128309831374631 0.0232447534475131 0.0449539263733851
800 0.12830983152868 0.023244753470666 0.044953926385962
801 0.128309831679207 0.0232447534932896 0.0449539263982513
802 0.128309831826294 0.0232447535153961 0.0449539264102598
803 0.128309831970019 0.0232447535369974 0.0449539264219938
804 0.128309832110459 0.0232447535581048 0.0449539264334596
805 0.128309832247688 0.0232447535787298 0.0449539264446633
806 0.128309832381781 0.0232447535988834 0.044953926455611
807 0.128309832512809 0.0232447536185763 0.0449539264663083
808 0.128309832640842 0.0232447536378191 0.0449539264767612
809 0.128309832765948 0.0232447536566221 0.0449539264869752
810 0.128309832888195 0.0232447536749953 0.0449539264969557
811 0.128309833007647 0.0232447536929484 0.044953926506708
812 0.128309833124369 0.0232447537104913 0.0449539265162375
813 0.128309833238424 0.0232447537276332 0.0449539265255491
814 0.128309833349871 0.0232447537443832 0.0449539265346479
815 0.128309833458771 0.0232447537607504 0.0449539265435387
816 0.128309833565181 0.0232447537767434 0.0449539265522263
817 0.128309833669159 0.0232447537923709 0.0449539265607153
818 0.128309833770761 0.0232447538076412 0.0449539265690103
819 0.12830983387004 0.0232447538225625 0.0449539265771157
820 0.12830983396705 0.0232447538371427 0.0449539265850358
821 0.128309834061843 0.0232447538513896 0.0449539265927749
822 0.128309834154469 0.0232447538653109 0.044953926600337
823 0.128309834244978 0.023244753878914 0.0449539266077264
824 0.128309834333418 0.0232447538922061 0.0449539266149468
825 0.128309834419836 0.0232447539051945 0.0449539266220022
826 0.12830983450428 0.0232447539178859 0.0449539266288963
827 0.128309834586793 0.0232447539302872 0.0449539266356329
828 0.12830983466742 0.0232447539424051 0.0449539266422154
829 0.128309834746204 0.023244753954246 0.0449539266486475
830 0.128309834823187 0.0232447539658164 0.0449539266549326
831 0.12830983489841 0.0232447539771221 0.044953926661074
832 0.128309834971915 0.0232447539881694 0.044953926667075
833 0.128309835043739 0.0232447539989643 0.0449539266729389
834 0.128309835113921 0.0232447540095124 0.0449539266786688
835 0.128309835182499 0.0232447540198194 0.0449539266842676
836 0.12830983524951 0.0232447540298908 0.0449539266897385
837 0.128309835314989 0.0232447540397321 0.0449539266950844
838 0.128309835378971 0.0232447540493483 0.044953926700308
839 0.128309835441491 0.0232447540587448 0.0449539267054123
840 0.128309835502582 0.0232447540679265 0.0449539267103999
841 0.128309835562276 0.0232447540768983 0.0449539267152735
842 0.128309835620606 0.023244754085665 0.0449539267200356
843 0.128309835677603 0.0232447540942314 0.0449539267246889
844 0.128309835733297 0.0232447541026019 0.0449539267292359
845 0.128309835787718 0.0232447541107812 0.0449539267336789
846 0.128309835840895 0.0232447541187734 0.0449539267380205
847 0.128309835892856 0.0232447541265831 0.0449539267422627
848 0.12830983594363 0.0232447541342141 0.0449539267464079
849 0.128309835993243 0.0232447541416708 0.0449539267504585
850 0.128309836041722 0.023244754148957 0.0449539267544164
851 0.128309836089093 0.0232447541560767 0.0449539267582839
852 0.128309836135382 0.0232447541630336 0.044953926762063
853 0.128309836180612 0.0232447541698315 0.0449539267657557
854 0.128309836224808 0.023244754176474 0.044953926769364
855 0.128309836267994 0.0232447541829647 0.0449539267728898
856 0.128309836310194 0.0232447541893071 0.044953926776335
857 0.128309836351428 0.0232447541955045 0.0449539267797015
858 0.12830983639172 0.0232447542015602 0.044953926782991
859 0.128309836431091 0.0232447542074775 0.0449539267862054
860 0.128309836469562 0.0232447542132595 0.0449539267893462
861 0.128309836507154 0.0232447542189094 0.0449539267924153
862 0.128309836543886 0.0232447542244301 0.0449539267954141
863 0.128309836579779 0.0232447542298247 0.0449539267983446
864 0.128309836614852 0.0232447542350959 0.044953926801208
865 0.128309836649123 0.0232447542402467 0.044953926804006
866 0.12830983668261 0.0232447542452797 0.0449539268067399
867 0.128309836715332 0.0232447542501977 0.0449539268094114
868 0.128309836747306 0.0232447542550032 0.0449539268120218
869 0.12830983677855 0.023244754259699 0.0449539268145726
870 0.128309836809079 0.0232447542642874 0.0449539268170651
871 0.12830983683891 0.0232447542687709 0.0449539268195006
872 0.128309836868059 0.0232447542731519 0.0449539268218804
873 0.128309836896543 0.0232447542774328 0.0449539268242058
874 0.128309836924375 0.0232447542816159 0.0449539268264781
875 0.12830983695157 0.0232447542857033 0.0449539268286984
876 0.128309836978145 0.0232447542896973 0.044953926830868
877 0.128309837004112 0.0232447542936 0.044953926832988
878 0.128309837029485 0.0232447542974135 0.0449539268350595
879 0.128309837054279 0.0232447543011399 0.0449539268370837
880 0.128309837078505 0.023244754304781 0.0449539268390616
881 0.128309837102178 0.023244754308339 0.0449539268409943
882 0.12830983712531 0.0232447543118156 0.0449539268428828
883 0.128309837147913 0.0232447543152127 0.0449539268447282
884 0.128309837169999 0.0232447543185322 0.0449539268465314
885 0.128309837191581 0.0232447543217758 0.0449539268482933
886 0.128309837212669 0.0232447543249453 0.0449539268500151
887 0.128309837233275 0.0232447543280424 0.0449539268516974
888 0.128309837253411 0.0232447543310686 0.0449539268533413
889 0.128309837273086 0.0232447543340257 0.0449539268549476
890 0.128309837292311 0.0232447543369151 0.0449539268565172
891 0.128309837311097 0.0232447543397386 0.044953926858051
892 0.128309837329453 0.0232447543424974 0.0449539268595495
893 0.12830983734739 0.0232447543451933 0.044953926861014
894 0.128309837364917 0.0232447543478276 0.0449539268624449
895 0.128309837382043 0.0232447543504015 0.0449539268638432
896 0.128309837398778 0.0232447543529167 0.0449539268652094
897 0.128309837415131 0.0232447543553744 0.0449539268665444
898 0.128309837431109 0.0232447543577759 0.044953926867849
899 0.128309837446722 0.0232447543601225 0.0449539268691237
900 0.128309837461979 0.0232447543624155 0.0449539268703692
901 0.128309837476887 0.023244754364656 0.0449539268715863
902 0.128309837491453 0.0232447543668454 0.0449539268727756
903 0.128309837505688 0.0232447543689847 0.0449539268739377
904 0.128309837519596 0.0232447543710751 0.0449539268750732
905 0.128309837533187 0.0232447543731177 0.0449539268761828
906 0.128309837546467 0.0232447543751137 0.044953926877267
907 0.128309837559443 0.023244754377064 0.0449539268783264
908 0.128309837572123 0.0232447543789697 0.0449539268793617
909 0.128309837584513 0.0232447543808319 0.0449539268803732
910 0.12830983759662 0.0232447543826515 0.0449539268813616
911 0.12830983760845 0.0232447543844295 0.0449539268823275
912 0.12830983762001 0.0232447543861669 0.0449539268832712
913 0.128309837631306 0.0232447543878646 0.0449539268841934
914 0.128309837642343 0.0232447543895235 0.0449539268850946
915 0.128309837653128 0.0232447543911444 0.0449539268859751
916 0.128309837663667 0.0232447543927283 0.0449539268868355
917 0.128309837673964 0.023244754394276 0.0449539268876761
918 0.128309837684026 0.0232447543957883 0.0449539268884977
919 0.128309837693859 0.023244754397266 0.0449539268893004
920 0.128309837703466 0.02324475439871 0.0449539268900848
921 0.128309837712854 0.023244754400121 0.0449539268908512
922 0.128309837722028 0.0232447544014997 0.0449539268916002
923 0.128309837730991 0.0232447544028469 0.044953926892332
924 0.12830983773975 0.0232447544041633 0.044953926893047
925 0.128309837748309 0.0232447544054496 0.0449539268937458
926 0.128309837756671 0.0232447544067066 0.0449539268944286
927 0.128309837764843 0.0232447544079347 0.0449539268950957
928 0.128309837772828 0.0232447544091348 0.0449539268957476
929 0.128309837780631 0.0232447544103075 0.0449539268963847
930 0.128309837788255 0.0232447544114534 0.0449539268970071
931 0.128309837795705 0.0232447544125731 0.0449539268976153
932 0.128309837802984 0.0232447544136672 0.0449539268982097
933 0.128309837810098 0.0232447544147362 0.0449539268987904
934 0.128309837817048 0.0232447544157809 0.0449539268993579
935 0.12830983782384 0.0232447544168017 0.0449539268999124
936 0.128309837830477 0.0232447544177991 0.0449539269004542
937 0.128309837836961 0.0232447544187738 0.0449539269009836
938 0.128309837843298 0.0232447544197261 0.0449539269015009
939 0.128309837849489 0.0232447544206567 0.0449539269020064
940 0.12830983785554 0.023244754421566 0.0449539269025004
941 0.128309837861452 0.0232447544224545 0.044953926902983
942 0.128309837867228 0.0232447544233228 0.0449539269034547
943 0.128309837872873 0.0232447544241712 0.0449539269039155
944 0.128309837878389 0.0232447544250002 0.0449539269043659
945 0.128309837883779 0.0232447544258102 0.0449539269048059
946 0.128309837889045 0.0232447544266017 0.0449539269052358
947 0.128309837894191 0.0232447544273752 0.044953926905656
948 0.12830983789922 0.0232447544281309 0.0449539269060665
949 0.128309837904133 0.0232447544288694 0.0449539269064676
950 0.128309837908934 0.023244754429591 0.0449539269068596
951 0.128309837913626 0.0232447544302961 0.0449539269072426
952 0.12830983791821 0.0232447544309851 0.0449539269076169
953 0.128309837922689 0.0232447544316583 0.0449539269079826
954 0.128309837927066 0.0232447544323162 0.04495392690834
955 0.128309837931343 0.023244754432959 0.0449539269086892
956 0.128309837935523 0.0232447544335871 0.0449539269090304
957 0.128309837939606 0.0232447544342009 0.0449539269093637
958 0.128309837943597 0.0232447544348006 0.0449539269096896
959 0.128309837947496 0.0232447544353866 0.0449539269100079
960 0.128309837951306 0.0232447544359593 0.044953926910319
961 0.128309837955029 0.0232447544365188 0.0449539269106229
962 0.128309837958667 0.0232447544370656 0.0449539269109199
963 0.128309837962222 0.0232447544375998 0.0449539269112101
964 0.128309837965695 0.0232447544381219 0.0449539269114937
965 0.128309837969089 0.023244754438632 0.0449539269117708
966 0.128309837972405 0.0232447544391304 0.0449539269120416
967 0.128309837975646 0.0232447544396175 0.0449539269123062
968 0.128309837978813 0.0232447544400934 0.0449539269125647
969 0.128309837981907 0.0232447544405585 0.0449539269128173
970 0.128309837984931 0.0232447544410129 0.0449539269130642
971 0.128309837987885 0.0232447544414569 0.0449539269133053
972 0.128309837990772 0.0232447544418908 0.044953926913541
973 0.128309837993593 0.0232447544423148 0.0449539269137713
974 0.128309837996349 0.023244754442729 0.0449539269139964
975 0.128309837999042 0.0232447544431338 0.0449539269142162
976 0.128309838001674 0.0232447544435294 0.0449539269144311
977 0.128309838004246 0.0232447544439159 0.0449539269146411
978 0.128309838006759 0.0232447544442936 0.0449539269148462
979 0.128309838009214 0.0232447544446626 0.0449539269150467
980 0.128309838011613 0.0232447544450232 0.0449539269152426
981 0.128309838013958 0.0232447544453756 0.044953926915434
982 0.128309838016249 0.0232447544457199 0.044953926915621
983 0.128309838018487 0.0232447544460564 0.0449539269158038
984 0.128309838020675 0.0232447544463851 0.0449539269159824
985 0.128309838022812 0.0232447544467063 0.0449539269161569
986 0.128309838024901 0.0232447544470202 0.0449539269163274
987 0.128309838026941 0.0232447544473269 0.044953926916494
988 0.128309838028936 0.0232447544476267 0.0449539269166568
989 0.128309838030884 0.0232447544479195 0.0449539269168159
990 0.128309838032788 0.0232447544482057 0.0449539269169714
991 0.128309838034649 0.0232447544484853 0.0449539269171233
992 0.128309838036467 0.0232447544487585 0.0449539269172717
993 0.128309838038243 0.0232447544490255 0.0449539269174167
994 0.128309838039979 0.0232447544492864 0.0449539269175584
995 0.128309838041675 0.0232447544495413 0.0449539269176968
996 0.128309838043332 0.0232447544497904 0.0449539269178322
997 0.128309838044952 0.0232447544500338 0.0449539269179644
998 0.128309838046534 0.0232447544502716 0.0449539269180936
999 0.12830983804808 0.023244754450504 0.0449539269182198
1000 0.128309838049591 0.0232447544507312 0.0449539269183432
