"G" "X" "Y" "A" "D"
1 0.499752497524975 0.500247502475025 0.220933536572602 0.000516999614255052
2 0.499800164917521 0.500199835082479 0.220148044945597 0.000427024682690093
3 0.499803784333825 0.500196215666175 0.219382839184314 0.000422613125950143
4 0.499797104193873 0.500202895806127 0.218622465641924 0.000441527792901035
5 0.499785238899253 0.500214761100747 0.21786515298608 0.000472277877338764
6 0.49976976363861 0.50023023636139 0.217112297708868 0.00051155984942257
7 0.499750851797695 0.500249148202305 0.216365060029484 0.000559083140053229
8 0.499728212863285 0.500271787136714 0.215624491822717 0.000615591738739007
9 0.499701352478594 0.500298647521406 0.21489163368147 0.000682299209276533
10 0.499669645564173 0.500330354435827 0.214167619858107 0.000760730417052081
11 0.499632349535189 0.500367650464811 0.213453738351565 0.00085269464037416
12 0.49958859717368 0.500411402826321 0.212751473489309 0.000960304355602941
13 0.499537381161742 0.500462618838258 0.212062543383883 0.00108601333404325
14 0.499477533882677 0.500522466117323 0.211388938718283 0.00123266605140485
15 0.499407703437676 0.500592296562324 0.210732965741591 0.00140355631513961
16 0.499326325950808 0.500673674049192 0.210097294978312 0.00160249499775344
17 0.49923159393351 0.50076840606649 0.209485016644988 0.00183388746625455
18 0.499121420376069 0.500878579623931 0.20889970359378 0.00210282154946213
19 0.498993398211404 0.501006601788597 0.208345482526467 0.00241516694703663
20 0.498844754823407 0.501155245176593 0.207827114145927 0.00277768693071963
21 0.498672301345234 0.501327698654766 0.207350082786682 0.00319816302613321
22 0.498472376621481 0.501527623378519 0.20692069585672 0.00368553307034408
23 0.498240785908844 0.501759214091156 0.206546193094364 0.00425004257698616
24 0.497972734684581 0.502027265315419 0.206234865155533 0.00490340865424878
25 0.497662758348214 0.502337241651786 0.205996180349611 0.00565899474618861
26 0.497304649171123 0.502695350828877 0.205840917379629 0.00653199312806825
27 0.496891382606048 0.503108617393952 0.205781300651343 0.00753961029697133
28 0.496415046049317 0.503584953950683 0.205831133031336 0.008701248073191
29 0.495866774383531 0.504133225616469 0.206005918797935 0.0100386702892272
30 0.495236698134996 0.504763301865004 0.206322966902802 0.0115761413446008
31 0.494513911849894 0.505486088150106 0.206801461550201 0.0133405186584487
32 0.493686472273812 0.506313527726188 0.207462483583145 0.015361276272233
33 0.492741437990675 0.507258562009325 0.2083289624336 0.0176704318138433
34 0.491664964123659 0.508335035876341 0.209425534804739 0.0203023442285684
35 0.490442467181762 0.509557532818238 0.210778283380345 0.0232933459026747
36 0.489058875664235 0.510941124335765 0.212414327531891 0.0266811711909306
37 0.487498980975275 0.512501019024724 0.214361239316982 0.0305041454064268
38 0.485747899806209 0.514252100193792 0.21664626334441 0.0348001058106696
39 0.483791652652438 0.516208347347561 0.219295329681449 0.0396050408749853
40 0.481617852956849 0.518382147043151 0.222331866004206 0.0449514575238058
41 0.479216487356229 0.520783512643771 0.225775439035096 0.0508665186774089
42 0.476580750264222 0.523419249735777 0.229640285080472 0.0573700338844683
43 0.473707877241365 0.526292122758635 0.233933822441363 0.0644724303692831
44 0.470599904203066 0.529400095796934 0.23865526973069 0.072172873712898
45 0.467264267490611 0.532735732509389 0.243794516876357 0.0804577373920591
46 0.463714157597751 0.536285842402249 0.249331402119732 0.089299628161485
47 0.459968550621539 0.540031449378461 0.2552355319493 0.0986571509223237
48 0.45605186788261 0.54394813211739 0.261466738414398 0.1084755381931
49 0.451993253859532 0.548006746140468 0.267976202087769 0.118688179215735
50 0.447825509988505 0.552174490011495 0.274708188144254 0.12921897459434
51 0.443583768321492 0.556416231678508 0.281602262098226 0.139985333873477
52 0.439304024851724 0.560695975148276 0.288595787249067 0.150901547842157
53 0.43502166963145 0.56497833036855 0.295626471732371 0.161882223021648
54 0.430770145998182 0.569229854001818 0.302634736243196 0.172845471691387
55 0.426579846047573 0.573420153952427 0.309565711909389 0.18371560366715
56 0.422477310398514 0.577522689601486 0.31637074123439 0.194425151816329
57 0.418484756267583 0.581515243732416 0.323008328662104 0.204916161955221
58 0.414619917672053 0.585380082327948 0.329444556253111 0.21514076948272
59 0.410896151528413 0.589103848471588 0.335653033115964 0.225061155294804
60 0.407322746311738 0.592677253688262 0.341614479267594 0.234649015374055
61 0.403905365284613 0.596094634715387 0.347316055736941 0.243884692546394
62 0.400646561331192 0.599353438668808 0.352750547140873 0.252756110969992
63 0.397546311445641 0.602453688554359 0.357915486586561 0.261257631934053
64 0.394602532400126 0.605397467599874 0.362812291431858 0.26938892124019
65 0.391811552362264 0.608188447637736 0.367445456760194 0.277153889844577
66 0.389168524591994 0.610831475408007 0.371821834334639 0.284559744361109
67 0.386667778102157 0.613332221897843 0.375950009685362 0.291616164242076
68 0.384303106267981 0.615696893732019 0.379839779111202 0.298334608249366
69 0.382067998162903 0.617932001837098 0.383501721299854 0.304727743597474
70 0.37995581939052 0.62004418060948 0.386946854235584 0.310808985881445
71 0.37795994989521 0.62204005010479 0.390186366252542 0.316592135525376
72 0.376073886117109 0.623926113882891 0.393231409777154 0.322091096049148
73 0.374291314259699 0.625708685740301 0.396092946904247 0.327319660198751
74 0.372606160608538 0.627393839391462 0.398781637043913 0.33229135136958
75 0.371012623940927 0.628987376059073 0.401307758171189 0.33701930940049
76 0.369505194196909 0.630494805803091 0.403681154527126 0.341516211495592
77 0.368078660794376 0.631921339205624 0.405911204853403 0.345794220606791
78 0.366728113287681 0.633271886712319 0.408006806341865 0.349864955016405
79 0.365448936493918 0.634551063506083 0.409976370426804 0.353739474072058
80 0.364236801737676 0.635763198262324 0.411827827343023 0.357428276046903
81 0.363087655482134 0.636912344517866 0.413568637028736 0.360941304942177
82 0.361997706308909 0.638002293691092 0.415205804485968 0.364287963737197
83 0.360963410968109 0.639036589031892 0.41674589814037 0.367477132146959
84 0.359981460031806 0.640018539968194 0.418195070084541 0.370517187391343
85 0.359048763538366 0.640951236461634 0.419559077359582 0.373416026832253
86 0.358162436903079 0.641837563096921 0.420843303642335 0.376181091613017
87 0.357319787285218 0.642680212714782 0.422052780871817 0.378819390652446
88 0.35651830053715 0.64348169946285 0.423192210477329 0.381337524516148
89 0.355755628812866 0.644244371187134 0.424265983970219 0.383741708819837
90 0.355029578877546 0.644970421122454 0.425278202737566 0.386037796921375
91 0.354338101133683 0.645661898866317 0.426232696934145 0.388231301736577
92 0.353679279360492 0.646320720639508 0.427133043412857 0.390327416573508
93 0.353051321150189 0.646948678849811 0.427982582666551 0.392331034925063
94 0.35245254901577 0.64754745098423 0.428784434778337 0.394246769193399
95 0.351881392139105 0.648118607860895 0.429541514394961 0.396078968344707
96 0.351336378724742 0.648663621275258 0.430256544750235 0.397831734510908
97 0.350816128923087 0.649183871076913 0.430932070773987 0.399508938567708
98 0.35031934828615 0.64968065171385 0.431570471327543 0.40111423472723
99 0.349844821719476 0.650155178280524 0.432173970609992 0.402651074189204
100 0.349391407894918 0.650608592105082 0.432744648781143 0.404122717898072
101 0.348958034090343 0.651041965909656 0.433284451847402 0.405532248455043
102 0.348543691424098 0.651456308575902 0.433795200856304 0.406882581234496
103 0.34814743045388 0.65185256954612 0.434278600444247 0.40817647475356
104 0.347768357111621 0.652231642888379 0.434736246780386 0.409416540342456
105 0.347405628947888 0.652594371052112 0.435169634947714 0.410605251161465
106 0.347058451661197 0.652941548338803 0.43558016580033 0.411744950608397
107 0.346726075889485 0.653273924110515 0.435969152333673 0.41283786015819
108 0.346407794242695 0.653592205757306 0.436337825602372 0.413886086674012
109 0.346102938557096 0.653897061442904 0.436687340218135 0.414891629226857
110 0.345810877353511 0.65418912264649 0.437018779458018 0.41585638545836
111 0.345531013483036 0.654468986516964 0.437333160011343 0.416782157519251
112 0.345262781945228 0.654737218054772 0.437631436391588 0.417670657613717
113 0.345005647864927 0.654994352135073 0.437914505037725 0.418523513177832
114 0.344759104615058 0.655240895384942 0.438183208127699 0.419342271718221
115 0.344522672073809 0.655477327926192 0.438438337125117 0.420128405335295
116 0.344295895005533 0.655704104994467 0.438680636078659 0.42088331495356
117 0.344078341555648 0.655921658444352 0.438910804692286 0.421608334279916
118 0.343869601850578 0.656130398149422 0.439129501182969 0.422304733509281
119 0.343669286694571 0.656330713305429 0.439337344941428 0.422973722795447
120 0.343477026355884 0.656522973644116 0.439534919010185 0.423616455503751
121 0.343292469435462 0.656707530564538 0.439722772392197 0.424234031260891
122 0.343115281811805 0.656884718188195 0.439901422202305 0.424827498816067
123 0.342945145656243 0.657054854343757 0.440071355672834 0.425397858726587
124 0.342781758513316 0.657218241486684 0.440233032023825 0.425946065880061
125 0.342624832441388 0.657375167558613 0.440386884207595 0.426473031864435
126 0.342474093209014 0.657525906790986 0.440533320536578 0.426979627196236
127 0.34232927954298 0.65767072045702 0.440672726202765 0.427466683416679
128 0.342190142424204 0.657809857575796 0.440805464696401 0.427934995064516
129 0.342056444428062 0.657943555571939 0.440931879131057 0.42838532153389
130 0.341927959105916 0.658072040894085 0.441052293481647 0.428818388824836
131 0.341804470404927 0.658195529595073 0.441167013741495 0.429234891193496
132 0.341685772123434 0.658314227876566 0.44127632900407 0.429635492708627
133 0.341571667399396 0.658428332600604 0.441380512474648 0.430020828720485
134 0.341461968229625 0.658538031770375 0.441479822416717 0.430391507247723
135 0.34135649501765 0.65864350498235 0.441574503037632 0.43074811028756
136 0.341255076148286 0.658744923851714 0.44166478531768 0.431091195054072
137 0.341157547587074 0.658842452412926 0.441750887786417 0.431421295149145
138 0.341063752502941 0.658936247497059 0.441833017249854 0.431738921670275
139 0.340973540912517 0.659026459087483 0.441911369471831 0.432044564259136
140 0.340886769344682 0.659113230655318 0.44198612981265 0.432338692094549
141 0.34080330052403 0.65919669947597 0.442057473827854 0.432621754833233
142 0.340723003072005 0.659276996927995 0.44212556782979 0.43289418350149
143 0.340645751224591 0.659354248775409 0.442190569414452 0.433156391340771
144 0.340571424565478 0.659428575434522 0.442252627955893 0.433408774609849
145 0.340499907773754 0.659500092226246 0.442311885070349 0.433651713346156
146 0.340431090385186 0.659568909614814 0.442368475052055 0.433885572088677
147 0.340364866566267 0.659635133433733 0.442422525282624 0.434110700564611
148 0.340301134900226 0.659698865099773 0.442474156615678 0.434327434341887
149 0.340239798184296 0.659760201815704 0.442523483738367 0.434536095449487
150 0.340180763237521 0.659819236762479 0.442570615511246 0.434736992967369
151 0.340123940718517 0.659876059281483 0.44261565528791 0.434930423587718
152 0.340069244952556 0.659930755047444 0.442658701215678 0.435116672149097
153 0.340016593767445 0.659983406232555 0.442699846518536 0.435296012145007
154 0.339965908337681 0.660034091662319 0.442739179763458 0.435468706208228
155 0.339917113036407 0.660082886963593 0.442776785111166 0.435635006572283
156 0.339870135294713 0.660129864705287 0.442812742552291 0.435795155511233
157 0.33982490546787 0.66017509453213 0.442847128129863 0.435949385758962
158 0.339781356708112 0.660218643291888 0.442880014148975 0.436097920909035
159 0.339739424843582 0.660260575156419 0.442911469374418 0.436240975796162
160 0.339699048263122 0.660300951736878 0.442941559217024 0.436378756860194
161 0.339660167806571 0.660339832193429 0.44297034590943 0.436511462493592
162 0.339622726660273 0.660377273339727 0.442997888671879 0.436639283373175
163 0.339586670257519 0.660413329742481 0.443024243868702 0.436762402776983
164 0.339551946183653 0.660448053816348 0.443049465156017 0.436880996886979
165 0.339518504085594 0.660481495914407 0.443073603621188 0.436995235078311
166 0.339486295585548 0.660513704414452 0.443096707914541 0.4371052801958
167 0.339455274198679 0.660544725801322 0.443118824373795 0.437211288818287
168 0.339425395254542 0.660574604745458 0.443139997141648 0.437313411511427
169 0.339396615822087 0.660603384177913 0.443160268276917 0.437411793069497
170 0.339368894638037 0.660631105361963 0.443179677859619 0.437506572746748
171 0.339342192038484 0.660657807961516 0.443198264090346 0.437597884478801
172 0.339316469893538 0.660683530106462 0.443216063384271 0.437685857094563
173 0.339291691544867 0.660708308455133 0.443233110460094 0.437770614519112
174 0.339267821745992 0.660732178254008 0.443249438424222 0.437852275967972
175 0.33924482660521 0.66075517339479 0.443265078850464 0.43793095613318
176 0.339222673530991 0.660777326469009 0.443280061855492 0.43800676536154
177 0.339201331179762 0.660798668820239 0.44329441617031 0.438079809825396
178 0.339180769405929 0.660819230594071 0.443308169207968 0.438150191686302
179 0.339160959214064 0.660839040785936 0.443321347127723 0.438218009251878
180 0.339141872713122 0.660858127286878 0.44333397489585 0.438283357126189
181 0.339123483072615 0.660876516927384 0.443346076343301 0.438346326353921
182 0.339105764480641 0.660894235519358 0.44335767422037 0.43840700455864
183 0.339088692103683 0.660911307896317 0.443368790248555 0.438465476075396
184 0.339072242048095 0.660927757951904 0.443379445169742 0.438521822077916
185 0.339056391323205 0.660943608676794 0.443389658792894 0.438576120700641
186 0.339041117805946 0.660958882194054 0.443399450038351 0.438628447155808
187 0.33902640020696 0.660973599793039 0.443408836979888 0.438678873845821
188 0.339012218038103 0.660987781961897 0.443417836884656 0.438727470471092
189 0.338998551581281 0.661001448418719 0.443426466251107 0.438774304133561
190 0.338985381858576 0.661014618141424 0.443434740845023 0.438819439436073
191 0.338972690603579 0.661027309396421 0.443442675733747 0.438862938577804
192 0.3389604602339 0.6610395397661 0.443450285318718 0.438904861445874
193 0.338948673824789 0.661051326175211 0.443457583366384 0.438945265703348
194 0.338937315083829 0.66106268491617 0.443464583037605 0.438984206873747
195 0.338926368326642 0.661073631673358 0.443471296915599 0.439021738422219
196 0.338915818453573 0.661084181546427 0.443477737032527 0.439057911833537
197 0.338905650927318 0.661094349072682 0.443483914894778 0.439092776687014
198 0.338895851751427 0.661104148248573 0.443489841507029 0.4391263807285
199 0.338886407449685 0.661113592550315 0.443495527395136 0.439158769939558
200 0.338877305046292 0.661122694953707 0.443500982627922 0.43918998860395
201 0.338868532046843 0.661131467953157 0.443506216837919 0.439220079371535
202 0.338860076420048 0.661139923579952 0.443511239241112 0.439249083319684
203 0.338851926580184 0.661148073419816 0.443516058655743 0.439277040012321
204 0.338844071370224 0.661155928629776 0.44352068352022 0.439303987556681
205 0.338836500045639 0.661163499954361 0.443525121910175 0.439329962657877
206 0.338829202258824 0.661170797741176 0.443529381554716 0.439355000671367
207 0.33882216804414 0.66117783195586 0.443533469851913 0.439379135653404
208 0.338815387803533 0.661184612196467 0.443537393883553 0.43940240040955
209 0.338808852292712 0.661191147707287 0.443541160429213 0.439424826541334
210 0.338802552607869 0.661197447392132 0.443544775979661 0.439446444491123
211 0.3387964801729 0.6612035198271 0.44354824674965 0.439467283585281
212 0.338790626727138 0.661209373272862 0.443551578690101 0.439487372075684
213 0.338784984313539 0.661215015686461 0.443554777499739 0.439506737179653
214 0.338779545267338 0.661220454732662 0.443557848636176 0.439525405118375
215 0.338774302205133 0.661225697794867 0.443560797326494 0.439543401153854
216 0.338769248014387 0.661230751985612 0.443563628577341 0.439560749624477
217 0.338764375843337 0.661235624156663 0.443566347184562 0.439577473979224
218 0.338759679091283 0.661240320908717 0.44356895774239 0.439593596810585
219 0.338755151399248 0.661244848600752 0.443571464652224 0.439609139886242
220 0.338750786641002 0.661249213358998 0.443573872130998 0.439624124179547
221 0.338746578914411 0.661253421085589 0.443576184219188 0.439638569898864
222 0.338742522533132 0.661257477466868 0.443578404788435 0.439652496515793
223 0.338738612018611 0.661261387981389 0.443580537548844 0.439665922792348
224 0.338734842092389 0.661265157907611 0.443582586055944 0.439678866807105
225 0.338731207668697 0.661268792331303 0.44358455371734 0.439691345980375
226 0.338727703847332 0.661272296152668 0.443586443799066 0.439703377098435
227 0.3387243259068 0.6612756740932 0.443588259431653 0.439714976336848
228 0.33872106929772 0.661278930702279 0.44359000361593 0.439726159282914
229 0.338717929636473 0.661282070363526 0.443591679228568 0.439736940957288
230 0.338714902699091 0.661285097300909 0.443593289027368 0.439747335834781
231 0.338711984415373 0.661288015584626 0.443594835656332 0.439757357864394
232 0.338709170863231 0.661290829136769 0.443596321650496 0.439767020488607
233 0.338706458263232 0.661293541736768 0.443597749440555 0.439776336661942
234 0.338703842973357 0.661296157026643 0.443599121357285 0.439785318868845
235 0.338701321483953 0.661298678516047 0.443600439635773 0.439793979140901
236 0.338698890412869 0.661301109587131 0.443601706419455 0.439802329073407
237 0.338696546500778 0.661303453499223 0.443602923763987 0.439810379841335
238 0.33869428660667 0.66130571339333 0.443604093640938 0.439818142214701
239 0.338692107703518 0.661307892296483 0.443605217941329 0.439825626573367
240 0.338690006874098 0.661309993125902 0.443606298479014 0.439832842921292
241 0.338687981306971 0.661312018693029 0.443607336993916 0.439839800900261
242 0.33868602829261 0.66131397170739 0.443608335155125 0.439846509803102
243 0.33868414521967 0.66131585478033 0.443609294563857 0.439852978586417
244 0.338682329571402 0.661317670428598 0.443610216756289 0.439859215882846
245 0.338680578922193 0.661319421077807 0.443611103206273 0.439865230012874
246 0.338678890934238 0.661321109065762 0.443611955327931 0.439871028996207
247 0.338677263354336 0.661322736645664 0.443612774478137 0.439876620562725
248 0.338675694010799 0.661324305989201 0.443613561958897 0.439882012163035
249 0.33867418081048 0.66132581918952 0.443614319019625 0.439887210978638
250 0.338672721735912 0.661327278264088 0.443615046859319 0.439892223931715
251 0.338671314842546 0.661328685157454 0.443615746628651 0.439897057694558
252 0.338669958256098 0.661330041743903 0.443616419431963 0.439901718698661
253 0.338668650169987 0.661331349830013 0.443617066329176 0.439906213143459
254 0.338667388842874 0.661332611157126 0.443617688337624 0.439910547004772
255 0.338666172596286 0.661333827403713 0.443618286433807 0.439914726042913
256 0.338664999812332 0.661335000187667 0.443618861555071 0.43991875581052
257 0.338663868931498 0.661336131068502 0.443619414601214 0.439922641660089
258 0.338662778450525 0.661337221549475 0.443619946436029 0.439926388751235
259 0.338661726920368 0.661338273079631 0.443620457888774 0.439930002057689
260 0.338660712944228 0.661339287055772 0.443620949755596 0.439933486374035
261 0.33865973517565 0.66134026482435 0.443621422800873 0.439936846322205
262 0.338658792316701 0.661341207683299 0.44362187775852 0.439940086357732
263 0.338657883116209 0.661342116883791 0.443622315333225 0.439943210775779
264 0.338657006368065 0.661342993631935 0.443622736201646 0.439946223716947
265 0.338656160909592 0.661343839090408 0.44362314101355 0.439949129172867
266 0.33865534561997 0.66134465438003 0.443623530392901 0.439951930991595
267 0.338654559418719 0.661345440581281 0.443623904938917 0.439954632882804
268 0.33865380126424 0.66134619873576 0.443624265227066 0.439957238422786
269 0.338653070152403 0.661346929847597 0.443624611810035 0.439959751059281
270 0.338652365115197 0.661347634884803 0.443624945218647 0.439962174116122
271 0.338651685219418 0.661348314780582 0.443625265962747 0.43996451079771
272 0.338651029565412 0.661348970434587 0.443625574532053 0.43996676419333
273 0.338650397285863 0.661349602714137 0.443625871396962 0.439968937281311
274 0.338649787544621 0.661350212455379 0.443626157009334 0.439971032933031
275 0.338649199535577 0.661350800464423 0.443626431803236 0.439973053916778
276 0.338648632481579 0.661351367518421 0.443626696195658 0.43997500290147
277 0.338648085633384 0.661351914366616 0.443626950587204 0.439976882460242
278 0.338647558268653 0.661352441731347 0.443627195362741 0.4399786950739
279 0.338647049690975 0.661352950309025 0.443627430892039 0.43998044313425
280 0.338646559228935 0.661353440771064 0.443627657530372 0.439982128947311
281 0.338646086235214 0.661353913764787 0.443627875619097 0.4399837547364
282 0.338645630085712 0.661354369914288 0.443628085486216 0.439985322645121
283 0.338645190178719 0.661354809821281 0.443628287446903 0.439986834740231
284 0.338644765934103 0.661355234065897 0.443628481804021 0.439988293014408
285 0.338644356792535 0.661355643207464 0.443628668848612 0.439989699388924
286 0.338643962214738 0.661356037785262 0.443628848860367 0.439991055716211
287 0.338643581680761 0.661356418319239 0.443629022108078 0.43999236378234
288 0.338643214689291 0.661356785310709 0.443629188850071 0.439993625309411
289 0.338642860756974 0.661357139243026 0.443629349334625 0.439994841957855
290 0.338642519417773 0.661357480582227 0.443629503800368 0.439996015328648
291 0.338642190222344 0.661357809777656 0.443629652476659 0.439997146965456
292 0.338641872737434 0.661358127262566 0.443629795583958 0.439998238356689
293 0.338641566545302 0.661358433454698 0.443629933334176 0.439999290937492
294 0.338641271243162 0.661358728756838 0.443630065931015 0.440000306091661
295 0.338640986442647 0.661359013557353 0.443630193570292 0.44000128515348
296 0.338640711769286 0.661359288230714 0.443630316440249 0.440002229409511
297 0.338640446862009 0.661359553137991 0.443630434721853 0.440003140100298
298 0.338640191372662 0.661359808627338 0.443630548589082 0.440004018422029
299 0.338639944965545 0.661360055034455 0.443630658209202 0.440004865528118
300 0.338639707316964 0.661360292683036 0.443630763743029 0.440005682530754
301 0.338639478114799 0.661360521885201 0.443630865345183 0.440006470502367
302 0.338639257058091 0.661360742941909 0.443630963164332 0.440007230477065
303 0.338639043856639 0.661360956143361 0.443631057343426 0.440007963452003
304 0.338638838230611 0.661361161769388 0.443631148019919 0.440008670388712
305 0.338638639910181 0.661361360089819 0.443631235325988 0.440009352214375
306 0.338638448635159 0.661361551364841 0.443631319388735 0.44001000982306
307 0.338638264154653 0.661361735845347 0.443631400330389 0.440010644076904
308 0.338638086226733 0.661361913773267 0.443631478268496 0.440011255807264
309 0.338637914618108 0.661362085381892 0.443631553316098 0.440011845815814
310 0.338637749103819 0.66136225089618 0.443631625581916 0.440012414875609
311 0.338637589466941 0.661362410533059 0.443631695170511 0.440012963732117
312 0.338637435498289 0.661362564501711 0.44363176218245 0.440013493104199
313 0.338637286996149 0.661362713003851 0.443631826714462 0.440014003685066
314 0.338637143766003 0.661362856233997 0.443631888859585 0.440014496143198
315 0.338637005620277 0.661362994379723 0.443631948707308 0.440014971123229
316 0.338636872378089 0.661363127621912 0.443632006343716 0.440015429246798
317 0.338636743865008 0.661363256134992 0.443632061851612 0.440015871113376
318 0.338636619912828 0.661363380087172 0.443632115310652 0.440016297301057
319 0.338636500359341 0.661363499640659 0.443632166797463 0.440016708367323
320 0.338636385048123 0.661363614951877 0.443632216385763 0.440017104849783
321 0.33863627382833 0.66136372617167 0.44363226414647 0.44001748726688
322 0.338636166554494 0.661363833445507 0.443632310147813 0.440017856118583
323 0.338636063086331 0.661363936913669 0.443632354455433 0.440018211887039
324 0.338635963288561 0.661364036711438 0.443632397132488 0.440018555037219
325 0.338635867030724 0.661364132969276 0.443632438239742 0.440018886017525
326 0.338635774187008 0.661364225812992 0.443632477835661 0.440019205260387
327 0.338635684636083 0.661364315363917 0.443632515976503 0.440019513182831
328 0.338635598260945 0.661364401739056 0.443632552716398 0.44001981018703
329 0.338635514948753 0.661364485051247 0.443632588107435 0.440020096660835
330 0.33863543459069 0.66136456540931 0.443632622199737 0.440020372978287
331 0.338635357081812 0.661364642918188 0.443632655041537 0.440020639500108
332 0.338635282320912 0.661364717679088 0.443632686679251 0.440020896574182
333 0.338635210210387 0.661364789789613 0.443632717157547 0.440021144536006
334 0.338635140656108 0.661364859343892 0.443632746519414 0.440021383709137
335 0.338635073567298 0.661364926432702 0.443632774806223 0.440021614405619
336 0.338635008856411 0.661364991143589 0.44363280205779 0.440021836926389
337 0.338634946439016 0.661365053560984 0.443632828312437 0.440022051561679
338 0.338634886233687 0.661365113766313 0.443632853607048 0.440022258591395
339 0.338634828161895 0.661365171838105 0.443632877977122 0.440022458285484
340 0.338634772147905 0.661365227852094 0.443632901456829 0.440022650904293
341 0.338634718118678 0.661365281881322 0.443632924079058 0.44002283669891
342 0.338634666003769 0.661365333996231 0.443632945875468 0.440023015911492
343 0.338634615735244 0.661365384264756 0.443632966876531 0.440023188775585
344 0.338634567247579 0.66136543275242 0.443632987111584 0.440023355516433
345 0.338634520477586 0.661365479522414 0.443633006608864 0.440023516351271
346 0.338634475364319 0.661365524635681 0.443633025395554 0.440023671489611
347 0.338634431849002 0.661365568150998 0.443633043497824 0.440023821133518
348 0.338634389874946 0.661365610125054 0.443633060940867 0.440023965477878
349 0.338634349387479 0.661365650612521 0.443633077748936 0.440024104710647
350 0.338634310333872 0.661365689666128 0.443633093945383 0.440024239013105
351 0.338634272663269 0.661365727336731 0.443633109552687 0.440024368560088
352 0.338634236326621 0.661365763673379 0.443633124592494 0.440024493520224
353 0.338634201276624 0.661365798723376 0.443633139085641 0.440024614056147
354 0.338634167467653 0.661365832532347 0.443633153052195 0.440024730324715
355 0.338634134855703 0.661365865144297 0.443633166511475 0.440024842477215
356 0.338634103398335 0.661365896601665 0.443633179482082 0.440024950659561
357 0.338634073054615 0.661365926945385 0.443633191981928 0.440025055012484
358 0.338634043785064 0.661365956214936 0.44363320402826 0.440025155671718
359 0.338634015551604 0.661365984448396 0.443633215637687 0.440025252768179
360 0.338633988317512 0.661366011682489 0.443633226826202 0.440025346428133
361 0.338633962047365 0.661366037952636 0.443633237609205 0.440025436773364
362 0.338633936707 0.661366063293 0.443633248001526 0.440025523921334
363 0.338633912263467 0.661366087736533 0.443633258017448 0.440025607985333
364 0.338633888684985 0.661366111315016 0.443633267670726 0.440025689074633
365 0.338633865940901 0.661366134059099 0.443633276974605 0.440025767294626
366 0.338633844001651 0.661366155998349 0.443633285941842 0.440025842746964
367 0.338633822838719 0.661366177161281 0.443633294584722 0.440025915529694
368 0.338633802424602 0.661366197575398 0.44363330291508 0.440025985737382
369 0.338633782732771 0.661366217267228 0.44363331094431 0.44002605346124
370 0.338633763737642 0.661366236262358 0.44363331868339 0.440026118789243
371 0.338633745414535 0.661366254585465 0.443633326142892 0.440026181806247
372 0.338633727739648 0.661366272260352 0.443633333332998 0.440026242594095
373 0.338633710690021 0.661366289309979 0.443633340263517 0.440026301231732
374 0.338633694243511 0.661366305756489 0.443633346943896 0.440026357795298
375 0.338633678378759 0.661366321621241 0.443633353383235 0.440026412358237
376 0.338633663075164 0.661366336924836 0.443633359590299 0.440026464991385
377 0.338633648312854 0.661366351687146 0.443633365573532 0.440026515763069
378 0.338633634072665 0.661366365927335 0.443633371341069 0.440026564739192
379 0.338633620336109 0.661366379663891 0.443633376900744 0.440026611983322
380 0.338633607085357 0.661366392914644 0.443633382260105 0.440026657556772
381 0.338633594303208 0.661366405696792 0.443633387426423 0.44002670151868
382 0.338633581973074 0.661366418026926 0.443633392406704 0.440026743926093
383 0.338633570078954 0.661366429921046 0.443633397207694 0.44002678483403
384 0.338633558605415 0.661366441394585 0.443633401835896 0.440026824295564
385 0.338633547537569 0.661366452462431 0.443633406297573 0.440026862361885
386 0.338633536861058 0.661366463138942 0.443633410598758 0.440026899082371
387 0.338633526562031 0.661366473437969 0.443633414745264 0.440026934504648
388 0.33863351662713 0.66136648337287 0.443633418742694 0.440026968674656
389 0.338633507043467 0.661366492956533 0.443633422596443 0.440027001636707
390 0.338633497798614 0.661366502201386 0.44363342631171 0.440027033433543
391 0.338633488880581 0.661366511119418 0.443633429893506 0.440027064106391
392 0.338633480277806 0.661366519722195 0.443633433346657 0.440027093695019
393 0.338633471979132 0.661366528020868 0.443633436675813 0.440027122237785
394 0.3386334639738 0.6613665360262 0.443633439885455 0.44002714977169
395 0.338633456251433 0.661366543748567 0.443633442979903 0.440027176332422
396 0.338633448802019 0.661366551197981 0.443633445963315 0.440027201954408
397 0.338633441615903 0.661366558384097 0.443633448839702 0.440027226670853
398 0.33863343468377 0.66136656531623 0.443633451612926 0.440027250513788
399 0.338633427996637 0.661366572003363 0.44363345428671 0.440027273514108
400 0.338633421545836 0.661366578454164 0.443633456864641 0.440027295701617
401 0.33863341532301 0.66136658467699 0.443633459350176 0.440027317105061
402 0.338633409320094 0.661366590679906 0.443633461746646 0.44002733775217
403 0.338633403529311 0.661366596470689 0.443633464057261 0.44002735766969
404 0.338633397943159 0.661366602056841 0.443633466285115 0.440027376883423
405 0.338633392554401 0.661366607445599 0.443633468433189 0.440027395418255
406 0.338633387356056 0.661366612643944 0.443633470504356 0.440027413298193
407 0.338633382341391 0.661366617658609 0.443633472501384 0.440027430546394
408 0.338633377503911 0.661366622496089 0.443633474426943 0.440027447185194
409 0.338633372837351 0.66136662716265 0.443633476283604 0.44002746323614
410 0.338633368335667 0.661366631664333 0.443633478073845 0.440027478720016
411 0.338633363993029 0.661366636006971 0.443633479800055 0.44002749365687
412 0.338633359803816 0.661366640196185 0.443633481464537 0.44002750806604
413 0.338633355762601 0.661366644237399 0.443633483069508 0.440027521966182
414 0.338633351864154 0.661366648135846 0.443633484617108 0.44002753537529
415 0.338633348103426 0.661366651896574 0.443633486109398 0.440027548310722
416 0.33863334447555 0.661366655524449 0.443633487548364 0.440027560789221
417 0.33863334097583 0.66136665902417 0.443633488935922 0.440027572826938
418 0.338633337599734 0.661366662400266 0.443633490273917 0.440027584439454
419 0.338633334342894 0.661366665657106 0.443633491564127 0.440027595641797
420 0.338633331201094 0.661366668798906 0.443633492808268 0.440027606448464
421 0.338633328170267 0.661366671829733 0.443633494007992 0.44002761687344
422 0.338633325246493 0.661366674753507 0.443633495164892 0.440027626930213
423 0.338633322425986 0.661366677574013 0.443633496280505 0.440027636631797
424 0.338633319705099 0.661366680294901 0.443633497356309 0.440027645990744
425 0.338633317080309 0.661366682919691 0.443633498393732 0.440027655019161
426 0.338633314548221 0.661366685451779 0.44363349939415 0.440027663728729
427 0.338633312105559 0.661366687894441 0.443633500358887 0.440027672130715
428 0.338633309749162 0.661366690250838 0.443633501289223 0.440027680235988
429 0.338633307475984 0.661366692524016 0.443633502186388 0.440027688055031
430 0.338633305283082 0.661366694716918 0.443633503051572 0.440027695597958
431 0.33863330316762 0.66136669683238 0.443633503885917 0.440027702874525
432 0.338633301126863 0.661366698873137 0.443633504690529 0.440027709894142
433 0.33863329915817 0.66136670084183 0.443633505466472 0.440027716665889
434 0.338633297258996 0.661366702741004 0.443633506214769 0.440027723198522
435 0.338633295426884 0.661366704573116 0.443633506936412 0.440027729500488
436 0.338633293659465 0.661366706340535 0.443633507632352 0.440027735579938
437 0.338633291954454 0.661366708045546 0.443633508303508 0.44002774144473
438 0.338633290309645 0.661366709690355 0.443633508950767 0.440027747102449
439 0.338633288722913 0.661366711277087 0.443633509574983 0.44002775256041
440 0.338633287192204 0.661366712807795 0.443633510176979 0.440027757825668
441 0.338633285715542 0.661366714284458 0.443633510757549 0.440027762905031
442 0.338633284291015 0.661366715708985 0.443633511317459 0.440027767805065
443 0.338633282916783 0.661366717083217 0.443633511857445 0.440027772532103
444 0.338633281591069 0.661366718408931 0.44363351237822 0.440027777092258
445 0.338633280312159 0.661366719687841 0.443633512880469 0.440027781491422
446 0.3386332790784 0.6613667209216 0.443633513364854 0.440027785735282
447 0.338633277888198 0.661366722111802 0.443633513832012 0.440027789829323
448 0.338633276740013 0.661366723259987 0.443633514282559 0.440027793778837
449 0.338633275632363 0.661366724367638 0.443633514717086 0.440027797588927
450 0.338633274563814 0.661366725436186 0.443633515136165 0.440027801264518
451 0.338633273532988 0.661366726467013 0.443633515540347 0.44002780481036
452 0.338633272538549 0.66136672746145 0.443633515930163 0.440027808231033
453 0.338633271579216 0.661366728420784 0.443633516306125 0.44002781153096
454 0.338633270653747 0.661366729346253 0.443633516668728 0.440027814714403
455 0.338633269760946 0.661366730239054 0.443633517018447 0.440027817785476
456 0.33863326889966 0.66136673110034 0.443633517355742 0.440027820748148
457 0.338633268068776 0.661366731931224 0.443633517681056 0.440027823606245
458 0.33863326726722 0.66136673273278 0.443633517994814 0.440027826363461
459 0.338633266493957 0.661366733506043 0.443633518297429 0.440027829023357
460 0.338633265747988 0.661366734252012 0.443633518589298 0.44002783158937
461 0.338633265028349 0.661366734971651 0.443633518870803 0.440027834064815
462 0.33863326433411 0.66136673566589 0.443633519142314 0.44002783645289
463 0.338633263664375 0.661366736335625 0.443633519404185 0.440027838756679
464 0.338633263018278 0.661366736981722 0.443633519656761 0.440027840979158
465 0.338633262394984 0.661366737605016 0.443633519900373 0.440027843123198
466 0.338633261793689 0.661366738206311 0.443633520135338 0.440027845191568
467 0.338633261213616 0.661366738786384 0.443633520361965 0.44002784718694
468 0.338633260654016 0.661366739345984 0.443633520580551 0.44002784911189
469 0.338633260114165 0.661366739885835 0.443633520791381 0.440027850968906
470 0.338633259593367 0.661366740406633 0.443633520994732 0.440027852760386
471 0.338633259090949 0.661366740909051 0.443633521190868 0.440027854488642
472 0.338633258606262 0.661366741393738 0.443633521380048 0.440027856155907
473 0.33863325813868 0.66136674186132 0.443633521562518 0.440027857764333
474 0.338633257687599 0.661366742312401 0.443633521738517 0.440027859315999
475 0.338633257252437 0.661366742747563 0.443633521908274 0.440027860812908
476 0.338633256832632 0.661366743167368 0.443633522072013 0.440027862256992
477 0.338633256427641 0.661366743572358 0.443633522229946 0.440027863650117
478 0.338633256036943 0.661366743963057 0.44363352238228 0.44002786499408
479 0.338633255660031 0.661366744339969 0.443633522529213 0.440027866290618
480 0.33863325529642 0.661366744703579 0.443633522670938 0.440027867541405
481 0.338633254945641 0.66136674505436 0.44363352280764 0.440027868748054
482 0.338633254607239 0.661366745392761 0.443633522939498 0.440027869912125
483 0.338633254280778 0.661366745719221 0.443633523066682 0.44002787103512
484 0.338633253965838 0.661366746034162 0.443633523189359 0.440027872118488
485 0.33863325366201 0.661366746337989 0.443633523307689 0.440027873163629
486 0.338633253368904 0.661366746631096 0.443633523421827 0.440027874171893
487 0.33863325308614 0.66136674691386 0.443633523531921 0.440027875144578
488 0.338633252813353 0.661366747186646 0.443633523638115 0.440027876082944
489 0.338633252550192 0.661366747449808 0.443633523740548 0.440027876988199
490 0.338633252296316 0.661366747703684 0.443633523839352 0.440027877861513
491 0.338633252051399 0.661366747948601 0.443633523934656 0.440027878704013
492 0.338633251815123 0.661366748184878 0.443633524026586 0.440027879516788
493 0.338633251587183 0.661366748412816 0.443633524115259 0.440027880300884
494 0.338633251367287 0.661366748632713 0.443633524200793 0.440027881057315
495 0.338633251155149 0.661366748844851 0.443633524283298 0.440027881787058
496 0.338633250950496 0.661366749049504 0.443633524362882 0.440027882491053
497 0.338633250753063 0.661366749246937 0.443633524439648 0.44002788317021
498 0.338633250562597 0.661366749437404 0.443633524513696 0.440027883825405
499 0.33863325037885 0.66136674962115 0.443633524585123 0.440027884457483
500 0.338633250201586 0.661366749798413 0.443633524654022 0.440027885067262
501 0.338633250030577 0.661366749969423 0.443633524720482 0.440027885655526
502 0.338633249865601 0.661366750134399 0.44363352478459 0.440027886223036
503 0.338633249706446 0.661366750293554 0.443633524846428 0.440027886770524
504 0.338633249552905 0.661366750447095 0.443633524906079 0.440027887298697
505 0.338633249404782 0.661366750595218 0.443633524963618 0.440027887808236
506 0.338633249261884 0.661366750738115 0.443633525019121 0.440027888299798
507 0.338633249124028 0.661366750875971 0.443633525072661 0.440027888774018
508 0.338633248991036 0.661366751008964 0.443633525124306 0.440027889231508
509 0.338633248862735 0.661366751137265 0.443633525174124 0.440027889672859
510 0.338633248738961 0.661366751261039 0.443633525222179 0.440027890098639
511 0.338633248619553 0.661366751380446 0.443633525268534 0.440027890509397
512 0.338633248504358 0.661366751495642 0.44363352531325 0.440027890905666
513 0.338633248393227 0.661366751606773 0.443633525356384 0.440027891287955
514 0.338633248286016 0.661366751713983 0.443633525397992 0.440027891656757
515 0.338633248182588 0.661366751817412 0.443633525438128 0.440027892012549
516 0.338633248082808 0.661366751917192 0.443633525476845 0.440027892355789
517 0.338633247986548 0.661366752013451 0.443633525514192 0.440027892686921
518 0.338633247893684 0.661366752106315 0.443633525550219 0.440027893006372
519 0.338633247804097 0.661366752195903 0.443633525584972 0.440027893314553
520 0.338633247717669 0.661366752282331 0.443633525618496 0.440027893611863
521 0.338633247634291 0.66136675236571 0.443633525650834 0.440027893898685
522 0.338633247553853 0.661366752446147 0.443633525682029 0.440027894175388
523 0.338633247476253 0.661366752523747 0.443633525712121 0.440027894442331
524 0.338633247401391 0.661366752598609 0.44363352574115 0.440027894699857
525 0.33863324732917 0.661366752670831 0.443633525769151 0.440027894948299
526 0.338633247259496 0.661366752740504 0.443633525796163 0.440027895187977
527 0.33863324719228 0.66136675280772 0.44363352582222 0.4400278954192
528 0.338633247127435 0.661366752872566 0.443633525847356 0.440027895642267
529 0.338633247064877 0.661366752935123 0.443633525871604 0.440027895857465
530 0.338633247004526 0.661366752995474 0.443633525894994 0.440027896065072
531 0.338633246946304 0.661366753053696 0.443633525917558 0.440027896265356
532 0.338633246890136 0.661366753109864 0.443633525939323 0.440027896458575
533 0.338633246835949 0.661366753164051 0.44363352596032 0.440027896644978
534 0.338633246783674 0.661366753216326 0.443633525980575 0.440027896824806
535 0.338633246733242 0.661366753266758 0.443633526000114 0.440027896998291
536 0.33863324668459 0.66136675331541 0.443633526018962 0.440027897165656
537 0.338633246637653 0.661366753362347 0.443633526037145 0.440027897327118
538 0.338633246592372 0.661366753407628 0.443633526054685 0.440027897482885
539 0.338633246548689 0.661366753451311 0.443633526071605 0.440027897633157
540 0.338633246506546 0.661366753493454 0.443633526087927 0.440027897778129
541 0.33863324646589 0.66136675353411 0.443633526103673 0.440027897917987
542 0.338633246426668 0.661366753573332 0.443633526118862 0.440027898052912
543 0.338633246388829 0.661366753611171 0.443633526133514 0.440027898183077
544 0.338633246352325 0.661366753647675 0.443633526147649 0.440027898308652
545 0.338633246317109 0.661366753682891 0.443633526161284 0.440027898429797
546 0.338633246283134 0.661366753716865 0.443633526174438 0.440027898546669
547 0.338633246250359 0.661366753749641 0.443633526187127 0.440027898659419
548 0.338633246218739 0.661366753781261 0.443633526199368 0.440027898768191
549 0.338633246188234 0.661366753811765 0.443633526211177 0.440027898873128
550 0.338633246158806 0.661366753841194 0.443633526222568 0.440027898974363
551 0.338633246130415 0.661366753869585 0.443633526233557 0.440027899072027
552 0.338633246103026 0.661366753896974 0.443633526244158 0.440027899166246
553 0.338633246076603 0.661366753923397 0.443633526254384 0.440027899257143
554 0.338633246051112 0.661366753948888 0.443633526264249 0.440027899344833
555 0.33863324602652 0.66136675397348 0.443633526273766 0.44002789942943
556 0.338633246002795 0.661366753997205 0.443633526282947 0.440027899511044
557 0.338633245979908 0.661366754020092 0.443633526291803 0.440027899589779
558 0.338633245957827 0.661366754042173 0.443633526300347 0.440027899665736
559 0.338633245936525 0.661366754063475 0.443633526308589 0.440027899739015
560 0.338633245915975 0.661366754084025 0.44363352631654 0.440027899809709
561 0.338633245896149 0.661366754103851 0.443633526324209 0.44002789987791
562 0.338633245877023 0.661366754122977 0.443633526331609 0.440027899943705
563 0.338633245858571 0.661366754141429 0.443633526338746 0.44002790000718
564 0.33863324584077 0.66136675415923 0.443633526345632 0.440027900068416
565 0.338633245823597 0.661366754176403 0.443633526352275 0.440027900127492
566 0.33863324580703 0.66136675419297 0.443633526358683 0.440027900184485
567 0.338633245791047 0.661366754208953 0.443633526364865 0.440027900239467
568 0.338633245775627 0.661366754224373 0.443633526370829 0.44002790029251
569 0.338633245760752 0.661366754239248 0.443633526376582 0.440027900343683
570 0.338633245746401 0.661366754253599 0.443633526382132 0.44002790039305
571 0.338633245732556 0.661366754267444 0.443633526387486 0.440027900440677
572 0.3386332457192 0.6613667542808 0.443633526392651 0.440027900486623
573 0.338633245706315 0.661366754293686 0.443633526397634 0.44002790053095
574 0.338633245693884 0.661366754306116 0.44363352640244 0.440027900573712
575 0.338633245681891 0.661366754318109 0.443633526407077 0.440027900614967
576 0.338633245670322 0.661366754329678 0.443633526411551 0.440027900654767
577 0.33863324565916 0.66136675434084 0.443633526415866 0.440027900693163
578 0.338633245648392 0.661366754351608 0.443633526420029 0.440027900730205
579 0.338633245638004 0.661366754361996 0.443633526424046 0.44002790076594
580 0.338633245627983 0.661366754372017 0.44363352642792 0.440027900800415
581 0.338633245618314 0.661366754381685 0.443633526431657 0.440027900833674
582 0.338633245608987 0.661366754391013 0.443633526435263 0.44002790086576
583 0.338633245599989 0.661366754400011 0.443633526438742 0.440027900896715
584 0.338633245591308 0.661366754408692 0.443633526442097 0.440027900926578
585 0.338633245582934 0.661366754417067 0.443633526445335 0.440027900955387
586 0.338633245574854 0.661366754425146 0.443633526448457 0.440027900983181
587 0.33863324556706 0.661366754432941 0.44363352645147 0.440027901009994
588 0.33863324555954 0.66136675444046 0.443633526454376 0.440027901035862
589 0.338633245552286 0.661366754447714 0.44363352645718 0.440027901060817
590 0.338633245545287 0.661366754454713 0.443633526459885 0.440027901084892
591 0.338633245538535 0.661366754461465 0.443633526462494 0.440027901108118
592 0.338633245532022 0.661366754467978 0.443633526465011 0.440027901130525
593 0.338633245525738 0.661366754474262 0.44363352646744 0.440027901152142
594 0.338633245519676 0.661366754480324 0.443633526469783 0.440027901172997
595 0.338633245513828 0.661366754486173 0.443633526472043 0.440027901193116
596 0.338633245508185 0.661366754491815 0.443633526474223 0.440027901212525
597 0.338633245502742 0.661366754497258 0.443633526476326 0.44002790123125
598 0.338633245497491 0.66136675450251 0.443633526478356 0.440027901249315
599 0.338633245492425 0.661366754507575 0.443633526480313 0.440027901266742
600 0.338633245487537 0.661366754512462 0.443633526482201 0.440027901283555
601 0.338633245482822 0.661366754517178 0.443633526484023 0.440027901299774
602 0.338633245478274 0.661366754521727 0.443633526485781 0.440027901315423
603 0.338633245473886 0.661366754526115 0.443633526487476 0.440027901330518
604 0.338633245469652 0.661366754530348 0.443633526489112 0.440027901345082
605 0.338633245465568 0.661366754534432 0.44363352649069 0.440027901359132
606 0.338633245461627 0.661366754538372 0.443633526492212 0.440027901372686
607 0.338633245457826 0.661366754542174 0.44363352649368 0.440027901385763
608 0.338633245454159 0.661366754545841 0.443633526495097 0.440027901398378
609 0.338633245450621 0.661366754549379 0.443633526496464 0.440027901410549
610 0.338633245447208 0.661366754552792 0.443633526497783 0.44002790142229
611 0.338633245443915 0.661366754556085 0.443633526499055 0.440027901433617
612 0.338633245440739 0.661366754559261 0.443633526500282 0.440027901444545
613 0.338633245437674 0.661366754562326 0.443633526501466 0.440027901455087
614 0.338633245434718 0.661366754565282 0.443633526502608 0.440027901465257
615 0.338633245431866 0.661366754568134 0.443633526503709 0.440027901475069
616 0.338633245429114 0.661366754570886 0.443633526504772 0.440027901484535
617 0.338633245426459 0.66136675457354 0.443633526505797 0.440027901493667
618 0.338633245423898 0.661366754576102 0.443633526506787 0.440027901502477
619 0.338633245421428 0.661366754578572 0.443633526507741 0.440027901510976
620 0.338633245419044 0.661366754580956 0.443633526508662 0.440027901519175
621 0.338633245416745 0.661366754583255 0.44363352650955 0.440027901527086
622 0.338633245414526 0.661366754585474 0.443633526510407 0.440027901534717
623 0.338633245412386 0.661366754587614 0.443633526511233 0.440027901542079
624 0.338633245410322 0.661366754589678 0.443633526512031 0.440027901549182
625 0.33863324540833 0.66136675459167 0.4436335265128 0.440027901556034
626 0.338633245406408 0.661366754593592 0.443633526513542 0.440027901562644
627 0.338633245404554 0.661366754595446 0.443633526514258 0.440027901569022
628 0.338633245402766 0.661366754597234 0.443633526514949 0.440027901575174
629 0.338633245401041 0.66136675459896 0.443633526515615 0.44002790158111
630 0.338633245399376 0.661366754600624 0.443633526516258 0.440027901586836
631 0.33863324539777 0.66136675460223 0.443633526516878 0.44002790159236
632 0.338633245396221 0.661366754603779 0.443633526517476 0.44002790159769
633 0.338633245394726 0.661366754605274 0.443633526518054 0.440027901602831
634 0.338633245393284 0.661366754606715 0.44363352651861 0.440027901607791
635 0.338633245391893 0.661366754608107 0.443633526519148 0.440027901612576
636 0.338633245390552 0.661366754609449 0.443633526519666 0.440027901617193
637 0.338633245389257 0.661366754610743 0.443633526520166 0.440027901621647
638 0.338633245388008 0.661366754611992 0.443633526520648 0.440027901625943
639 0.338633245386803 0.661366754613197 0.443633526521113 0.440027901630088
640 0.33863324538564 0.66136675461436 0.443633526521562 0.440027901634087
641 0.338633245384519 0.661366754615481 0.443633526521995 0.440027901637945
642 0.338633245383437 0.661366754616563 0.443633526522413 0.440027901641667
643 0.338633245382393 0.661366754617607 0.443633526522816 0.440027901645257
644 0.338633245381386 0.661366754618613 0.443633526523205 0.440027901648721
645 0.338633245380415 0.661366754619585 0.44363352652358 0.440027901652063
646 0.338633245379478 0.661366754620522 0.443633526523942 0.440027901655287
647 0.338633245378574 0.661366754621426 0.443633526524291 0.440027901658397
648 0.338633245377702 0.661366754622299 0.443633526524628 0.440027901661398
649 0.33863324537686 0.66136675462314 0.443633526524953 0.440027901664293
650 0.338633245376048 0.661366754623952 0.443633526525266 0.440027901667085
651 0.338633245375265 0.661366754624735 0.443633526525568 0.44002790166978
652 0.338633245374509 0.66136675462549 0.44363352652586 0.440027901672379
653 0.338633245373781 0.661366754626219 0.443633526526141 0.440027901674886
654 0.338633245373077 0.661366754626923 0.443633526526413 0.440027901677305
655 0.338633245372399 0.661366754627601 0.443633526526675 0.440027901679639
656 0.338633245371745 0.661366754628256 0.443633526526928 0.440027901681891
657 0.338633245371113 0.661366754628887 0.443633526527171 0.440027901684063
658 0.338633245370504 0.661366754629496 0.443633526527407 0.440027901686158
659 0.338633245369916 0.661366754630084 0.443633526527633 0.44002790168818
660 0.338633245369349 0.661366754630651 0.443633526527852 0.44002790169013
661 0.338633245368802 0.661366754631198 0.443633526528063 0.440027901692012
662 0.338633245368275 0.661366754631725 0.443633526528267 0.440027901693827
663 0.338633245367766 0.661366754632234 0.443633526528464 0.440027901695578
664 0.338633245367275 0.661366754632726 0.443633526528653 0.440027901697267
665 0.338633245366801 0.661366754633199 0.443633526528836 0.440027901698897
666 0.338633245366344 0.661366754633656 0.443633526529013 0.440027901700469
667 0.338633245365903 0.661366754634097 0.443633526529183 0.440027901701986
668 0.338633245365477 0.661366754634523 0.443633526529347 0.44002790170345
669 0.338633245365067 0.661366754634933 0.443633526529506 0.440027901704862
670 0.338633245364671 0.661366754635329 0.443633526529658 0.440027901706224
671 0.338633245364289 0.661366754635711 0.443633526529806 0.440027901707538
672 0.338633245363921 0.661366754636079 0.443633526529948 0.440027901708805
673 0.338633245363565 0.661366754636435 0.443633526530085 0.440027901710028
674 0.338633245363222 0.661366754636778 0.443633526530218 0.440027901711208
675 0.338633245362891 0.661366754637108 0.443633526530345 0.440027901712346
676 0.338633245362572 0.661366754637428 0.443633526530469 0.440027901713444
677 0.338633245362264 0.661366754637736 0.443633526530587 0.440027901714503
678 0.338633245361967 0.661366754638033 0.443633526530702 0.440027901715526
679 0.33863324536168 0.661366754638319 0.443633526530813 0.440027901716511
680 0.338633245361404 0.661366754638596 0.44363352653092 0.440027901717463
681 0.338633245361137 0.661366754638863 0.443633526531023 0.44002790171838
682 0.33863324536088 0.66136675463912 0.443633526531122 0.440027901719266
683 0.338633245360632 0.661366754639368 0.443633526531218 0.44002790172012
684 0.338633245360392 0.661366754639608 0.44363352653131 0.440027901720944
685 0.338633245360161 0.661366754639839 0.4436335265314 0.440027901721739
686 0.338633245359938 0.661366754640062 0.443633526531485 0.440027901722505
687 0.338633245359723 0.661366754640277 0.443633526531568 0.440027901723245
688 0.338633245359515 0.661366754640484 0.443633526531648 0.440027901723959
689 0.338633245359315 0.661366754640684 0.443633526531726 0.440027901724647
690 0.338633245359122 0.661366754640878 0.4436335265318 0.440027901725312
691 0.338633245358936 0.661366754641064 0.443633526531872 0.440027901725953
692 0.338633245358756 0.661366754641244 0.443633526531942 0.440027901726571
693 0.338633245358583 0.661366754641417 0.443633526532009 0.440027901727167
694 0.338633245358416 0.661366754641584 0.443633526532073 0.440027901727743
695 0.338633245358254 0.661366754641746 0.443633526532136 0.440027901728298
696 0.338633245358099 0.661366754641901 0.443633526532196 0.440027901728833
697 0.338633245357948 0.661366754642052 0.443633526532254 0.44002790172935
698 0.338633245357803 0.661366754642197 0.44363352653231 0.440027901729849
699 0.338633245357664 0.661366754642336 0.443633526532363 0.440027901730329
700 0.338633245357529 0.661366754642471 0.443633526532415 0.440027901730793
701 0.338633245357399 0.661366754642601 0.443633526532466 0.440027901731241
702 0.338633245357273 0.661366754642727 0.443633526532514 0.440027901731673
703 0.338633245357152 0.661366754642848 0.443633526532561 0.440027901732089
704 0.338633245357035 0.661366754642965 0.443633526532606 0.440027901732491
705 0.338633245356923 0.661366754643077 0.44363352653265 0.440027901732879
706 0.338633245356814 0.661366754643186 0.443633526532692 0.440027901733253
707 0.338633245356709 0.661366754643291 0.443633526532732 0.440027901733614
708 0.338633245356608 0.661366754643392 0.443633526532771 0.440027901733962
709 0.33863324535651 0.66136675464349 0.443633526532809 0.440027901734298
710 0.338633245356416 0.661366754643584 0.443633526532845 0.440027901734622
711 0.338633245356325 0.661366754643675 0.44363352653288 0.440027901734934
712 0.338633245356237 0.661366754643762 0.443633526532914 0.440027901735236
713 0.338633245356153 0.661366754643847 0.443633526532947 0.440027901735526
714 0.338633245356071 0.661366754643929 0.443633526532978 0.440027901735807
715 0.338633245355993 0.661366754644007 0.443633526533009 0.440027901736078
716 0.338633245355917 0.661366754644083 0.443633526533038 0.440027901736339
717 0.338633245355843 0.661366754644156 0.443633526533066 0.440027901736591
718 0.338633245355773 0.661366754644227 0.443633526533093 0.440027901736834
719 0.338633245355705 0.661366754644295 0.44363352653312 0.440027901737069
720 0.338633245355639 0.661366754644361 0.443633526533145 0.440027901737295
721 0.338633245355575 0.661366754644425 0.44363352653317 0.440027901737513
722 0.338633245355514 0.661366754644486 0.443633526533193 0.440027901737724
723 0.338633245355455 0.661366754644545 0.443633526533216 0.440027901737927
724 0.338633245355398 0.661366754644602 0.443633526533238 0.440027901738123
725 0.338633245355343 0.661366754644657 0.443633526533259 0.440027901738312
726 0.33863324535529 0.66136675464471 0.44363352653328 0.440027901738495
727 0.338633245355239 0.661366754644761 0.443633526533299 0.44002790173867
728 0.33863324535519 0.66136675464481 0.443633526533318 0.44002790173884
729 0.338633245355142 0.661366754644858 0.443633526533337 0.440027901739004
730 0.338633245355096 0.661366754644904 0.443633526533354 0.440027901739162
731 0.338633245355052 0.661366754644948 0.443633526533372 0.440027901739315
732 0.338633245355009 0.661366754644991 0.443633526533388 0.440027901739461
733 0.338633245354968 0.661366754645032 0.443633526533404 0.440027901739603
734 0.338633245354928 0.661366754645072 0.443633526533419 0.44002790173974
735 0.33863324535489 0.66136675464511 0.443633526533434 0.440027901739872
736 0.338633245354853 0.661366754645147 0.443633526533449 0.44002790174
737 0.338633245354817 0.661366754645183 0.443633526533462 0.440027901740123
738 0.338633245354783 0.661366754645218 0.443633526533476 0.440027901740241
739 0.338633245354749 0.661366754645251 0.443633526533488 0.440027901740355
740 0.338633245354717 0.661366754645283 0.443633526533501 0.440027901740466
741 0.338633245354686 0.661366754645314 0.443633526533513 0.440027901740572
742 0.338633245354656 0.661366754645344 0.443633526533524 0.440027901740675
743 0.338633245354628 0.661366754645373 0.443633526533535 0.440027901740774
744 0.3386332453546 0.6613667546454 0.443633526533546 0.44002790174087
745 0.338633245354573 0.661366754645427 0.443633526533556 0.440027901740962
746 0.338633245354547 0.661366754645452 0.443633526533566 0.440027901741051
747 0.338633245354522 0.661366754645478 0.443633526533576 0.440027901741137
748 0.338633245354498 0.661366754645502 0.443633526533585 0.440027901741219
749 0.338633245354475 0.661366754645525 0.443633526533594 0.440027901741299
750 0.338633245354452 0.661366754645548 0.443633526533603 0.440027901741376
751 0.338633245354431 0.661366754645569 0.443633526533611 0.440027901741451
752 0.33863324535441 0.66136675464559 0.443633526533619 0.440027901741522
753 0.33863324535439 0.66136675464561 0.443633526533627 0.440027901741592
754 0.33863324535437 0.66136675464563 0.443633526533634 0.440027901741658
755 0.338633245354352 0.661366754645648 0.443633526533642 0.440027901741723
756 0.338633245354334 0.661366754645667 0.443633526533649 0.440027901741785
757 0.338633245354316 0.661366754645684 0.443633526533655 0.440027901741845
758 0.3386332453543 0.661366754645701 0.443633526533662 0.440027901741903
759 0.338633245354283 0.661366754645717 0.443633526533668 0.440027901741958
760 0.338633245354268 0.661366754645732 0.443633526533674 0.440027901742012
761 0.338633245354253 0.661366754645747 0.44363352653368 0.440027901742064
762 0.338633245354238 0.661366754645762 0.443633526533686 0.440027901742114
763 0.338633245354224 0.661366754645776 0.443633526533691 0.440027901742163
764 0.33863324535421 0.661366754645789 0.443633526533696 0.440027901742209
765 0.338633245354197 0.661366754645802 0.443633526533701 0.440027901742254
766 0.338633245354185 0.661366754645816 0.443633526533706 0.440027901742298
767 0.338633245354173 0.661366754645828 0.443633526533711 0.440027901742339
768 0.338633245354161 0.66136675464584 0.443633526533716 0.44002790174238
769 0.338633245354149 0.661366754645851 0.44363352653372 0.440027901742419
770 0.338633245354139 0.661366754645861 0.443633526533724 0.440027901742456
771 0.338633245354128 0.661366754645872 0.443633526533728 0.440027901742493
772 0.338633245354118 0.661366754645882 0.443633526533732 0.440027901742528
773 0.338633245354108 0.661366754645892 0.443633526533736 0.440027901742561
774 0.338633245354099 0.661366754645901 0.443633526533739 0.440027901742594
775 0.338633245354089 0.66136675464591 0.443633526533743 0.440027901742625
776 0.338633245354081 0.66136675464592 0.443633526533746 0.440027901742656
777 0.338633245354072 0.661366754645928 0.44363352653375 0.440027901742685
778 0.338633245354064 0.661366754645936 0.443633526533753 0.440027901742713
779 0.338633245354056 0.661366754645944 0.443633526533756 0.44002790174274
780 0.338633245354048 0.661366754645952 0.443633526533759 0.440027901742767
781 0.338633245354041 0.661366754645959 0.443633526533762 0.440027901742792
782 0.338633245354034 0.661366754645966 0.443633526533764 0.440027901742816
783 0.338633245354027 0.661366754645973 0.443633526533767 0.44002790174284
784 0.338633245354021 0.66136675464598 0.44363352653377 0.440027901742863
785 0.338633245354014 0.661366754645986 0.443633526533772 0.440027901742884
786 0.338633245354008 0.661366754645992 0.443633526533774 0.440027901742906
787 0.338633245354002 0.661366754645998 0.443633526533777 0.440027901742926
788 0.338633245353996 0.661366754646004 0.443633526533779 0.440027901742946
789 0.338633245353991 0.661366754646009 0.443633526533781 0.440027901742965
790 0.338633245353986 0.661366754646015 0.443633526533783 0.440027901742983
791 0.33863324535398 0.66136675464602 0.443633526533785 0.440027901743001
792 0.338633245353975 0.661366754646025 0.443633526533787 0.440027901743018
793 0.338633245353971 0.661366754646029 0.443633526533789 0.440027901743034
794 0.338633245353966 0.661366754646034 0.44363352653379 0.44002790174305
795 0.338633245353962 0.661366754646039 0.443633526533792 0.440027901743065
796 0.338633245353957 0.661366754646043 0.443633526533794 0.44002790174308
797 0.338633245353953 0.661366754646047 0.443633526533796 0.440027901743094
798 0.338633245353949 0.661366754646051 0.443633526533797 0.440027901743108
799 0.338633245353945 0.661366754646055 0.443633526533799 0.440027901743122
800 0.338633245353941 0.661366754646058 0.4436335265338 0.440027901743134
801 0.338633245353938 0.661366754646062 0.443633526533801 0.440027901743147
802 0.338633245353934 0.661366754646065 0.443633526533803 0.440027901743158
803 0.338633245353931 0.661366754646069 0.443633526533804 0.44002790174317
804 0.338633245353928 0.661366754646072 0.443633526533805 0.440027901743181
805 0.338633245353925 0.661366754646075 0.443633526533807 0.440027901743192
806 0.338633245353922 0.661366754646078 0.443633526533808 0.440027901743202
807 0.338633245353919 0.661366754646081 0.443633526533809 0.440027901743212
808 0.338633245353916 0.661366754646084 0.44363352653381 0.440027901743222
809 0.338633245353913 0.661366754646087 0.443633526533811 0.440027901743231
810 0.338633245353911 0.661366754646089 0.443633526533812 0.44002790174324
811 0.338633245353908 0.661366754646092 0.443633526533813 0.440027901743248
812 0.338633245353906 0.661366754646094 0.443633526533814 0.440027901743257
813 0.338633245353903 0.661366754646096 0.443633526533814 0.440027901743265
814 0.338633245353901 0.661366754646099 0.443633526533815 0.440027901743273
815 0.338633245353899 0.661366754646101 0.443633526533816 0.44002790174328
816 0.338633245353897 0.661366754646103 0.443633526533817 0.440027901743287
817 0.338633245353895 0.661366754646105 0.443633526533818 0.440027901743294
818 0.338633245353893 0.661366754646107 0.443633526533818 0.440027901743301
819 0.338633245353891 0.661366754646109 0.443633526533819 0.440027901743307
820 0.338633245353889 0.661366754646111 0.44363352653382 0.440027901743314
821 0.338633245353888 0.661366754646112 0.443633526533821 0.44002790174332
822 0.338633245353886 0.661366754646114 0.443633526533821 0.440027901743325
823 0.338633245353884 0.661366754646116 0.443633526533822 0.440027901743331
824 0.338633245353883 0.661366754646117 0.443633526533823 0.440027901743337
825 0.338633245353881 0.661366754646119 0.443633526533823 0.440027901743342
826 0.33863324535388 0.66136675464612 0.443633526533824 0.440027901743347
827 0.338633245353878 0.661366754646122 0.443633526533824 0.440027901743352
828 0.338633245353877 0.661366754646123 0.443633526533825 0.440027901743356
829 0.338633245353876 0.661366754646124 0.443633526533825 0.440027901743361
830 0.338633245353874 0.661366754646126 0.443633526533826 0.440027901743365
831 0.338633245353873 0.661366754646127 0.443633526533826 0.440027901743369
832 0.338633245353872 0.661366754646128 0.443633526533827 0.440027901743374
833 0.338633245353871 0.661366754646129 0.443633526533827 0.440027901743377
834 0.33863324535387 0.66136675464613 0.443633526533827 0.440027901743381
835 0.338633245353869 0.661366754646131 0.443633526533828 0.440027901743385
836 0.338633245353867 0.661366754646132 0.443633526533828 0.440027901743388
837 0.338633245353867 0.661366754646133 0.443633526533829 0.440027901743392
838 0.338633245353866 0.661366754646134 0.443633526533829 0.440027901743395
839 0.338633245353865 0.661366754646135 0.44363352653383 0.440027901743398
840 0.338633245353864 0.661366754646136 0.44363352653383 0.440027901743401
841 0.338633245353863 0.661366754646137 0.44363352653383 0.440027901743404
842 0.338633245353862 0.661366754646138 0.443633526533831 0.440027901743407
843 0.338633245353861 0.661366754646138 0.443633526533831 0.44002790174341
844 0.33863324535386 0.661366754646139 0.443633526533831 0.440027901743412
845 0.33863324535386 0.66136675464614 0.443633526533831 0.440027901743415
846 0.338633245353859 0.661366754646141 0.443633526533832 0.440027901743417
847 0.338633245353858 0.661366754646141 0.443633526533832 0.44002790174342
848 0.338633245353858 0.661366754646142 0.443633526533832 0.440027901743422
849 0.338633245353857 0.661366754646143 0.443633526533832 0.440027901743424
850 0.338633245353856 0.661366754646143 0.443633526533833 0.440027901743426
851 0.338633245353856 0.661366754646144 0.443633526533833 0.440027901743428
852 0.338633245353855 0.661366754646145 0.443633526533833 0.44002790174343
853 0.338633245353855 0.661366754646145 0.443633526533833 0.440027901743432
854 0.338633245353854 0.661366754646146 0.443633526533833 0.440027901743434
855 0.338633245353854 0.661366754646146 0.443633526533834 0.440027901743436
856 0.338633245353853 0.661366754646147 0.443633526533834 0.440027901743438
857 0.338633245353853 0.661366754646147 0.443633526533834 0.440027901743439
858 0.338633245353852 0.661366754646148 0.443633526533834 0.440027901743441
859 0.338633245353852 0.661366754646148 0.443633526533834 0.440027901743442
860 0.338633245353851 0.661366754646148 0.443633526533835 0.440027901743444
861 0.338633245353851 0.661366754646149 0.443633526533835 0.440027901743445
862 0.338633245353851 0.661366754646149 0.443633526533835 0.440027901743447
863 0.33863324535385 0.66136675464615 0.443633526533835 0.440027901743448
864 0.33863324535385 0.66136675464615 0.443633526533835 0.440027901743449
865 0.33863324535385 0.661366754646151 0.443633526533835 0.44002790174345
866 0.338633245353849 0.661366754646151 0.443633526533835 0.440027901743452
867 0.338633245353849 0.661366754646151 0.443633526533836 0.440027901743453
868 0.338633245353849 0.661366754646152 0.443633526533836 0.440027901743454
869 0.338633245353848 0.661366754646152 0.443633526533836 0.440027901743455
870 0.338633245353848 0.661366754646152 0.443633526533836 0.440027901743456
871 0.338633245353848 0.661366754646152 0.443633526533836 0.440027901743457
872 0.338633245353847 0.661366754646153 0.443633526533836 0.440027901743458
873 0.338633245353847 0.661366754646153 0.443633526533836 0.440027901743459
874 0.338633245353847 0.661366754646153 0.443633526533836 0.44002790174346
875 0.338633245353847 0.661366754646153 0.443633526533836 0.440027901743461
876 0.338633245353846 0.661366754646154 0.443633526533836 0.440027901743461
877 0.338633245353846 0.661366754646154 0.443633526533837 0.440027901743462
878 0.338633245353846 0.661366754646154 0.443633526533837 0.440027901743463
879 0.338633245353846 0.661366754646154 0.443633526533837 0.440027901743464
880 0.338633245353845 0.661366754646154 0.443633526533837 0.440027901743464
881 0.338633245353845 0.661366754646155 0.443633526533837 0.440027901743465
882 0.338633245353845 0.661366754646155 0.443633526533837 0.440027901743466
883 0.338633245353845 0.661366754646155 0.443633526533837 0.440027901743467
884 0.338633245353845 0.661366754646155 0.443633526533837 0.440027901743467
885 0.338633245353844 0.661366754646155 0.443633526533837 0.440027901743468
886 0.338633245353844 0.661366754646156 0.443633526533837 0.440027901743469
887 0.338633245353844 0.661366754646156 0.443633526533837 0.440027901743469
888 0.338633245353844 0.661366754646156 0.443633526533838 0.44002790174347
889 0.338633245353844 0.661366754646156 0.443633526533837 0.44002790174347
890 0.338633245353844 0.661366754646156 0.443633526533838 0.440027901743471
891 0.338633245353844 0.661366754646156 0.443633526533838 0.440027901743471
892 0.338633245353843 0.661366754646157 0.443633526533838 0.440027901743472
893 0.338633245353843 0.661366754646157 0.443633526533838 0.440027901743472
894 0.338633245353843 0.661366754646157 0.443633526533838 0.440027901743472
895 0.338633245353843 0.661366754646157 0.443633526533838 0.440027901743473
896 0.338633245353843 0.661366754646157 0.443633526533838 0.440027901743473
897 0.338633245353843 0.661366754646157 0.443633526533838 0.440027901743474
898 0.338633245353843 0.661366754646157 0.443633526533838 0.440027901743474
899 0.338633245353843 0.661366754646157 0.443633526533838 0.440027901743474
900 0.338633245353843 0.661366754646158 0.443633526533838 0.440027901743475
901 0.338633245353842 0.661366754646158 0.443633526533838 0.440027901743475
902 0.338633245353842 0.661366754646158 0.443633526533838 0.440027901743475
903 0.338633245353842 0.661366754646158 0.443633526533838 0.440027901743476
904 0.338633245353842 0.661366754646158 0.443633526533838 0.440027901743476
905 0.338633245353842 0.661366754646158 0.443633526533838 0.440027901743476
906 0.338633245353842 0.661366754646158 0.443633526533838 0.440027901743477
907 0.338633245353842 0.661366754646158 0.443633526533838 0.440027901743477
908 0.338633245353842 0.661366754646158 0.443633526533838 0.440027901743477
909 0.338633245353842 0.661366754646158 0.443633526533838 0.440027901743477
910 0.338633245353842 0.661366754646158 0.443633526533838 0.440027901743478
911 0.338633245353842 0.661366754646158 0.443633526533838 0.440027901743478
912 0.338633245353841 0.661366754646158 0.443633526533838 0.440027901743478
913 0.338633245353841 0.661366754646158 0.443633526533838 0.440027901743478
914 0.338633245353841 0.661366754646159 0.443633526533838 0.440027901743479
915 0.338633245353841 0.661366754646158 0.443633526533838 0.440027901743479
916 0.338633245353841 0.661366754646159 0.443633526533838 0.440027901743479
917 0.338633245353841 0.661366754646159 0.443633526533838 0.440027901743479
918 0.338633245353841 0.661366754646159 0.443633526533838 0.440027901743479
919 0.338633245353841 0.661366754646159 0.443633526533838 0.440027901743479
920 0.338633245353841 0.661366754646159 0.443633526533838 0.44002790174348
921 0.338633245353841 0.661366754646159 0.443633526533838 0.44002790174348
922 0.338633245353841 0.661366754646159 0.443633526533838 0.44002790174348
923 0.338633245353841 0.661366754646159 0.443633526533838 0.44002790174348
924 0.338633245353841 0.661366754646159 0.443633526533838 0.44002790174348
925 0.338633245353841 0.661366754646159 0.443633526533838 0.44002790174348
926 0.338633245353841 0.661366754646159 0.443633526533838 0.44002790174348
927 0.338633245353841 0.661366754646159 0.443633526533839 0.440027901743481
928 0.338633245353841 0.661366754646159 0.443633526533838 0.440027901743481
929 0.338633245353841 0.661366754646159 0.443633526533838 0.440027901743481
930 0.338633245353841 0.661366754646159 0.443633526533839 0.440027901743481
931 0.338633245353841 0.661366754646159 0.443633526533839 0.440027901743481
932 0.338633245353841 0.66136675464616 0.443633526533839 0.440027901743481
933 0.33863324535384 0.661366754646159 0.443633526533839 0.440027901743481
934 0.33863324535384 0.66136675464616 0.443633526533839 0.440027901743481
935 0.338633245353841 0.66136675464616 0.443633526533839 0.440027901743482
936 0.33863324535384 0.66136675464616 0.443633526533839 0.440027901743482
937 0.33863324535384 0.66136675464616 0.443633526533839 0.440027901743482
938 0.33863324535384 0.66136675464616 0.443633526533839 0.440027901743482
939 0.33863324535384 0.66136675464616 0.443633526533839 0.440027901743482
940 0.33863324535384 0.66136675464616 0.443633526533839 0.440027901743482
941 0.33863324535384 0.66136675464616 0.443633526533839 0.440027901743482
942 0.33863324535384 0.66136675464616 0.443633526533839 0.440027901743482
943 0.33863324535384 0.66136675464616 0.443633526533839 0.440027901743482
944 0.33863324535384 0.66136675464616 0.443633526533839 0.440027901743482
945 0.33863324535384 0.66136675464616 0.443633526533839 0.440027901743482
946 0.33863324535384 0.66136675464616 0.443633526533839 0.440027901743483
947 0.33863324535384 0.66136675464616 0.443633526533839 0.440027901743483
948 0.33863324535384 0.66136675464616 0.443633526533839 0.440027901743483
949 0.33863324535384 0.66136675464616 0.443633526533839 0.440027901743483
950 0.33863324535384 0.66136675464616 0.443633526533839 0.440027901743483
951 0.33863324535384 0.66136675464616 0.443633526533839 0.440027901743483
952 0.33863324535384 0.66136675464616 0.443633526533839 0.440027901743483
953 0.33863324535384 0.66136675464616 0.443633526533839 0.440027901743483
954 0.33863324535384 0.66136675464616 0.443633526533839 0.440027901743483
955 0.33863324535384 0.66136675464616 0.443633526533839 0.440027901743483
956 0.33863324535384 0.66136675464616 0.443633526533839 0.440027901743483
957 0.33863324535384 0.66136675464616 0.443633526533839 0.440027901743483
958 0.33863324535384 0.66136675464616 0.443633526533839 0.440027901743483
959 0.33863324535384 0.66136675464616 0.443633526533839 0.440027901743483
960 0.33863324535384 0.66136675464616 0.443633526533839 0.440027901743483
961 0.33863324535384 0.66136675464616 0.443633526533839 0.440027901743483
962 0.33863324535384 0.66136675464616 0.443633526533839 0.440027901743483
963 0.33863324535384 0.66136675464616 0.443633526533839 0.440027901743483
964 0.33863324535384 0.66136675464616 0.443633526533839 0.440027901743483
965 0.33863324535384 0.66136675464616 0.443633526533839 0.440027901743483
966 0.33863324535384 0.66136675464616 0.443633526533839 0.440027901743483
967 0.33863324535384 0.66136675464616 0.443633526533839 0.440027901743483
968 0.33863324535384 0.66136675464616 0.443633526533839 0.440027901743483
969 0.33863324535384 0.66136675464616 0.443633526533839 0.440027901743483
970 0.33863324535384 0.66136675464616 0.443633526533839 0.440027901743483
971 0.33863324535384 0.66136675464616 0.443633526533839 0.440027901743483
972 0.33863324535384 0.66136675464616 0.443633526533839 0.440027901743483
973 0.33863324535384 0.66136675464616 0.443633526533839 0.440027901743484
974 0.33863324535384 0.66136675464616 0.443633526533839 0.440027901743484
975 0.33863324535384 0.66136675464616 0.443633526533839 0.440027901743484
976 0.33863324535384 0.66136675464616 0.443633526533839 0.440027901743484
977 0.33863324535384 0.66136675464616 0.443633526533839 0.440027901743484
978 0.33863324535384 0.66136675464616 0.443633526533839 0.440027901743484
979 0.33863324535384 0.66136675464616 0.443633526533839 0.440027901743484
980 0.33863324535384 0.66136675464616 0.443633526533839 0.440027901743484
981 0.33863324535384 0.66136675464616 0.443633526533839 0.440027901743484
982 0.33863324535384 0.66136675464616 0.443633526533839 0.440027901743484
983 0.33863324535384 0.66136675464616 0.443633526533839 0.440027901743484
984 0.33863324535384 0.66136675464616 0.443633526533839 0.440027901743484
985 0.33863324535384 0.66136675464616 0.443633526533839 0.440027901743484
986 0.33863324535384 0.66136675464616 0.443633526533839 0.440027901743484
987 0.33863324535384 0.66136675464616 0.443633526533839 0.440027901743484
988 0.33863324535384 0.66136675464616 0.443633526533839 0.440027901743484
989 0.33863324535384 0.66136675464616 0.443633526533839 0.440027901743484
990 0.33863324535384 0.66136675464616 0.443633526533839 0.440027901743484
991 0.33863324535384 0.66136675464616 0.443633526533839 0.440027901743484
992 0.33863324535384 0.66136675464616 0.443633526533839 0.440027901743484
993 0.33863324535384 0.66136675464616 0.443633526533839 0.440027901743484
994 0.33863324535384 0.66136675464616 0.443633526533839 0.440027901743484
995 0.33863324535384 0.66136675464616 0.443633526533839 0.440027901743484
996 0.33863324535384 0.66136675464616 0.443633526533839 0.440027901743484
997 0.33863324535384 0.66136675464616 0.443633526533839 0.440027901743484
998 0.33863324535384 0.66136675464616 0.443633526533839 0.440027901743484
999 0.33863324535384 0.66136675464616 0.443633526533839 0.440027901743484
1000 0.33863324535384 0.66136675464616 0.443633526533839 0.440027901743484
