"G" "X" "Y" "A" "D" "O"
1 0.499575464416199 0.5 0.000424535583800751 0.572322566996575 0.00113152884269027
2 0.499620895793276 0.499603753622193 0.000775350584530529 0.565095330315028 0.00104183188457462
3 0.499605257022056 0.499262593554225 0.00113214399806573 0.55619822620732 0.00108190705089175
4 0.499577401456993 0.498912433333991 0.00151015966430184 0.547193985753337 0.00116007541969628
5 0.499543966392149 0.498539978852667 0.00191604923600809 0.538159547722422 0.00125519012870038
6 0.499506185995731 0.498139420366961 0.00235438790080664 0.529113495298301 0.00136305858297683
7 0.499463977685688 0.497706595115454 0.00282942100870321 0.520071913774408 0.00148376286089375
8 0.499416889729482 0.497237496057506 0.00334560735359889 0.511050753908406 0.00161857596782576
9 0.499364323072854 0.496727830359754 0.0039078388262761 0.502065729830443 0.00176922996619952
10 0.499305576693489 0.496172845160584 0.00452156929704843 0.493132173412884 0.00193776231393754
11 0.499239849139164 0.495567221455315 0.00519291919451034 0.4842649215906 0.00212650625635996
12 0.499166228245624 0.494904982525554 0.00592877735889752 0.475478228836527 0.00233811982982718
13 0.499083676592782 0.494179400874862 0.00673690864942084 0.466785702473542 0.00257562838900343
14 0.49899101433937 0.493382897834891 0.00762607150145569 0.458200260864069 0.00284247512943296
15 0.498886899643863 0.492506933046941 0.00860614802088441 0.449734114729762 0.00314257883149649
16 0.498769806530987 0.49154188208268 0.00968828849247649 0.441398771508595 0.0034803992144126
17 0.498637999979253 0.490476900948989 0.0108850717817104 0.433205062241481 0.00386101057339947
18 0.498489507991849 0.489299776552277 0.0122106827920987 0.425163190124711 0.0042901844255874
19 0.498322090428314 0.487996762538425 0.013681107784061 0.41728279959526 0.00477448185508705
20 0.49813320441217 0.486552400362311 0.0153143478857342 0.409573064628243 0.00532135614549112
21 0.49791996619504 0.484949326042208 0.0171306504593069 0.402042794799022 0.00593926610639875
22 0.497679109459265 0.483168063885224 0.0191527570539328 0.394700557567523 0.00663780021413844
23 0.497406940190247 0.4811868096027 0.0214061653941886 0.387554815142399 0.00742781126224115
24 0.49709928846075 0.478981206750805 0.0239194011255262 0.380614074135466 0.00832156061301962
25 0.496751457758865 0.476524122422859 0.0267242927572016 0.3738870459742 0.00933287030858987
26 0.496358172878426 0.47378543068402 0.0298562402918136 0.367382815649696 0.0104772801813079
27 0.495913527896104 0.470731815473294 0.0333544642906813 0.36111101578318 0.0117722056381714
28 0.495410936403811 0.467326608686877 0.037262217490693 0.355082002138253 0.0132370899187364
29 0.494843086966734 0.46352968395133 0.0416269354922062 0.349307025533031 0.01489354228609
30 0.494201907746831 0.459297432181148 0.0465002964821838 0.34379839356932 0.0167654507698686
31 0.493478545366265 0.454582851270293 0.0519381525677732 0.338569613667032 0.01887905474282
32 0.492663364358456 0.449335788901116 0.0580002873895379 0.333635506578052 0.0212629588479779
33 0.491745974904565 0.443503383936018 0.0647499468533653 0.329012276917928 0.0239480657743997
34 0.490715297867765 0.437030757333395 0.0722530830321123 0.324717524444341 0.0269674014238803
35 0.489559677237737 0.42986200674327 0.0805772469781733 0.320770177094498 0.0303558026310111
36 0.488267050723685 0.421941558176408 0.0897900663293795 0.317190324588031 0.0341494355426403
37 0.486825189038757 0.413215921243783 0.099957250690039 0.313998930304897 0.0383851130368009
38 0.48522201297642 0.403635878950344 0.111140084732667 0.311217399939008 0.0430993834077424
39 0.483445994221766 0.393159116401148 0.123392398758627 0.308866989032632 0.0483273713419636
40 0.481486640530248 0.381753253069191 0.136757051483932 0.30696803887871 0.0541013672672989
41 0.479335058155828 0.369399189845647 0.151262021001692 0.305539042251106 0.0604491833650402
42 0.47698457424716 0.356094616660149 0.166916275469467 0.30459555735864 0.0673923238963137
43 0.474431389882651 0.341857454142526 0.183705679424256 0.304149009888287 0.0749440525753779
44 0.47167522167526 0.326728932873399 0.201589274268266 0.304205447411011 0.083107477171773
45 0.468719878364954 0.310775959624743 0.220496337086771 0.304764334770943 0.0918738058631204
46 0.465573711051969 0.294092397764634 0.240324651891664 0.30581749901748 0.101220953820558
47 0.462249874445898 0.276798914601826 0.260940402987304 0.307348342788841 0.111112684105118
48 0.458766344022451 0.259041133101907 0.282180007904681 0.30933144084034 0.121498447336148
49 0.455145651367479 0.240985970670326 0.303854044634031 0.311732612310307 0.132314036362104
50 0.451414326369443 0.222816241570558 0.325753207601973 0.314509521151193 0.143483097482202
51 0.447602067136511 0.204723815665468 0.347655978531539 0.317612802855993 0.154919447380406
52 0.443740691441133 0.18690182746108 0.369337464203024 0.320987655134947 0.16653004933132
53 0.439862951088607 0.16953657614999 0.390578678987772 0.324575774093362 0.178218420753049
54 0.436001307420467 0.152799817515747 0.411175473260504 0.328317476352044 0.189888192659766
55 0.432186768868212 0.136842107319195 0.430946347548164 0.332153829284276 0.201446529991159
56 0.42844787980927 0.121787720191176 0.449738539703925 0.336028619014846 0.212807151470925
57 0.424809926784029 0.107731465268941 0.467431998452865 0.339890016302459 0.223892751002939
58 0.421294398442866 0.0947374894059347 0.48394111671245 0.343691846571857 0.234636705679101
59 0.417918705164496 0.082839941993836 0.499214345153532 0.347394422525366 0.244984041984478
60 0.414696138126679 0.0720452052204307 0.51323200260628 0.350964946619704 0.254891707398091
61 0.411636028950588 0.0623352884895156 0.526002723408143 0.354377529333542 0.264328249813303
62 0.408744061009913 0.0536719486912284 0.537559028624 0.357612894087743 0.273273038432363
63 0.406022681406376 0.0460011193592868 0.547952488648736 0.360657850732399 0.281715168568488
64 0.403471566610901 0.039257294419405 0.557248877971079 0.363504618911835 0.28965218402881
65 0.401088102560268 0.0333675971627879 0.565523630183373 0.366150073816971 0.29708873072175
66 0.398867849429318 0.0282553553559309 0.57285780171011 0.368594973455332 0.304035229822876
67 0.396804970698719 0.0238430865467401 0.579334660313306 0.370843211686144 0.310506632973347
68 0.39489261443292 0.0200548662021311 0.585036937703485 0.372901127077793 0.316521298696101
69 0.393123241343138 0.016818102315607 0.590044728044265 0.37477688544308 0.322100010119767
70 0.391488899119604 0.0140647738383331 0.594433975604916 0.37647994424395 0.327265139666723
71 0.389981445821941 0.0117322090082016 0.59827547284416 0.378020599958918 0.332039956307115
72 0.388592727094464 0.00976348659605349 0.601634281307249 0.37940961469197 0.336448064625619
73 0.38731471294068 0.0081075416130614 0.604569488221756 0.380657915351128 0.340512961477197
74 0.386139600044689 0.00671905014481907 0.607134218281424 0.381776357192158 0.344257694634002
75 0.385059885415354 0.00555815814320963 0.609375830124095 0.382775543002261 0.347704607871579
76 0.384068416644042 0.00459010803930802 0.611336238430899 0.383665689353628 0.350875157873437
77 0.383158423447233 0.00378480618609725 0.613052314018611 0.384456531927018 0.353789789752337
78 0.382323534505074 0.00311636416833855 0.614556324904141 0.385157262700798 0.35646785961709
79 0.381557782965111 0.0025626383342872 0.615876390625943 0.385776492689098 0.358927594273082
80 0.380855603390414 0.00210478465802036 0.617036929929832 0.386322234807416 0.361186079721819
81 0.380211822409335 0.00172684021107071 0.618059088270484 0.386801902292229 0.363259271558664
82 0.379621644875018 0.00141533798712145 0.618961136559562 0.387222318873871 0.36516202163154
83 0.379080636964333 0.00115895841304488 0.619758836378794 0.38758973758602 0.366908116411561
84 0.37858470733233 0.000948218406742491 0.62046576966309 0.387909865687968 0.368510323447027
85 0.378130087182034 0.000775197125319871 0.621093632833652 0.388187893681007 0.369980443039817
86 0.377713309902239 0.000633296421403984 0.621652496696042 0.388428526824825 0.371329362915737
87 0.377331190760313 0.000517033348815649 0.622151034262907 0.388636017912572 0.372567114176394
88 0.376980807005655 0.000421861713346761 0.622596719140198 0.38881420035327 0.373702927237337
89 0.376659478636297 0.000344019555050877 0.622995997330431 0.388966520846518 0.374745286791687
90 0.376364750000751 0.000280399500809936 0.623354435336374 0.389096071125141 0.375701985104463
91 0.376094372345243 0.000228439083159444 0.623676847354923 0.38920561839401 0.376580173152749
92 0.375846287369103 0.000186028341144753 0.623967404179685 0.389297634214077 0.377386409290915
93 0.375618611815434 0.000151432270713168 0.624229726215767 0.389374321675512 0.378126705247333
94 0.37540962309764 0.000123225954325712 0.624466962775331 0.389437640777196 0.378806569356424
95 0.375217745943065 0.000100240457593053 0.624681859584233 0.389489331985936 0.379431047003541
96 0.375041540021317 8.15178255270521e-05 0.624876816199402 0.389530937990898 0.380004758314946
97 0.374879688515433 6.62737370013675e-05 0.625053934820248 0.389563823699601 0.380531933164966
98 0.374730987588025 5.38665805046278e-05 0.625215061779107 0.389589194543843 0.381016443600472
99 0.374594336691036 4.37718964047046e-05 0.625361822817242 0.389608113178842 0.381461833801778
100 0.374468729666133 3.55612911306013e-05 0.62549565309435 0.389621514668337 0.381871347710861
101 0.374353246582601 2.88850681149235e-05 0.625617822740291 0.389630220253569 0.382247954464231
102 0.374247046260451 2.34579406727437e-05 0.625729458636572 0.389634949806014 0.382594371770055
103 0.374149359428064 1.90472950878576e-05 0.625831563010381 0.389636333063233 0.382913087368353
104 0.374059482465781 1.54635599588549e-05 0.625925029334076 0.38963491974491 0.383206378710051
105 0.373976771689307 1.25523122024007e-05 0.626010655946198 0.389631188642572 0.383476330986044
106 0.373900638129402 1.01878127858932e-05 0.626089157744747 0.389625555772036 0.383724853631678
107 0.373830542767069 8.26771788532084e-06 0.626161176248103 0.389618381672612 0.383953695425619
108 0.373765992186173 6.70875519233452e-06 0.626227288272121 0.389609977931738 0.384164458295259
109 0.373706534608137 5.44319181633382e-06 0.626288013432527 0.389600613008306 0.38435860993374
110 0.373651756275976 4.41595077058073e-06 0.626343820648546 0.389590517422416 0.384537495326696
111 0.37360127815744 3.5822583731604e-06 0.626395133795757 0.389579888374011 0.384702347279883
112 0.373554752939435 2.90572587370579e-06 0.626442336632873 0.389568893847658 0.384854296032177
113 0.373511862288149 2.35678595186701e-06 0.62648577710743 0.38955767625582 0.384994378032013
114 0.373472314351411 1.91141903163946e-06 0.626525771129012 0.389546355668327 0.385123543949226
115 0.373435841481807 1.55011613027637e-06 0.626562605884862 0.389535032671397 0.385242665988504
116 0.373402198160885 1.25703464318901e-06 0.62659654276116 0.389523790895466 0.385352544565254
117 0.373371159106525 1.01931141842285e-06 0.626627819923642 0.389512699247384 0.385453914399644
118 0.373342517547046 8.26503997684472e-07 0.626656654603102 0.389501813879 0.385547450079881
119 0.373316083647146 6.70136246580092e-07 0.626683245124529 0.389491179921013 0.385633771141428
120 0.373291683072037 5.43328973155776e-07 0.626707772712928 0.389480833008063 0.385713446704875
121 0.373269155677379 4.40499713646438e-07 0.626730403104066 0.389470800618327 0.385786999711413
122 0.373248354313728 3.57118790247725e-07 0.626751287984354 0.38946110324854 0.38585491079152
123 0.373229143735228 2.8951113545913e-07 0.626770566280639 0.389451755443105 0.385917621799273
124 0.373211399603196 2.34695328091846e-07 0.626788365317837 0.389442766694022 0.385975539041879
125 0.37319500757612 1.90252877160842e-07 0.626804801859865 0.38943414222654 0.386029036231363
126 0.373179862478325 1.54222087113668e-07 0.626819983047264 0.389425883683844 0.386078457182965
127 0.373165867540313 1.2501189494982e-07 0.626834007243176 0.389417989722635 0.386124118282595
128 0.373152933704368 1.01331930815852e-07 0.626846964797783 0.389410456530135 0.386166310743698
129 0.373140978989639 8.21357546999301e-08 0.626858938740073 0.389403278271907 0.38620530267206
130 0.373129927911428 6.65747924083994e-08 0.6268700054047 0.389396447478814 0.386241340955425
131 0.373119710949885 5.39609582106951e-08 0.626880235000718 0.389389955380501 0.386274652993265
132 0.373110264063754 4.37363290928643e-08 0.626889692128217 0.389383792191954 0.386305448280692
133 0.373101528245204 3.54485425491017e-08 0.626898436248125 0.389377947358938 0.386333919859223
134 0.37309344911216 2.87308393869436e-08 0.626906522109878 0.389372409767438 0.38636024564598
135 0.373085976534827 2.32858758239925e-08 0.626914000141097 0.389367167921654 0.386384589651884
136 0.373079064293457 1.88725939310748e-08 0.626920916802982 0.389362210094543 0.386407103098428
137 0.37307266976463 1.52955733305977e-08 0.626927314914695 0.389357524454452 0.386427925441787
138 0.373066753633582 1.23963957721569e-08 0.626933233949676 0.389353099170958 0.386447185312222
139 0.373061279630342 1.00466424866776e-08 0.626938710306523 0.38934892250265 0.386465001376048
140 0.373056214287626 8.14221589486787e-09 0.62694377755679 0.389344982869292 0.386481483126773
141 0.373051526718622 6.59873543016964e-09 0.626948466671806 0.389341268910458 0.38649673161144
142 0.373047188412981 5.34780446329732e-09 0.626952806230432 0.389337769532531 0.386510840097678
143 0.373043173049448 4.3339836436088e-09 0.62695682260945 0.389334473945673 0.386523894686455
144 0.373039456323741 3.51233707512408e-09 0.626960540158152 0.389331371692229 0.386535974875141
145 0.373036015790386 2.84644298146709e-09 0.626963981358495 0.389328452667784 0.386547154075029
146 0.373032830717326 2.30678098873148e-09 0.626967166972103 0.389325707135991 0.386557500087131
147 0.373029881952242 1.86942476522582e-09 0.626970116175262 0.389323125738114 0.386567075539742
148 0.373027151799615 1.51498223062382e-09 0.626972846682914 0.389320699498119 0.386575938290935
149 0.373024623907617 1.22773647561984e-09 0.62697537486263 0.389318419824031 0.386584141798902
150 0.373022283164034 9.94949396860218e-10 0.626977715839382 0.389316278506201 0.386591735462787
151 0.373020115600469 8.06297240370426e-10 0.626979883591908 0.389314267712999 0.386598764936452
152 0.37301810830414 6.53413076189859e-10 0.626981891041372 0.389312379984433 0.386605272417378
153 0.373016249336656 5.29515954103126e-10 0.626983750132958 0.389310608224073 0.386611296912752
154 0.3730145276592 4.29110323462097e-10 0.626985471910984 0.38930894568965 0.386616874484583
155 0.373012933063594 3.4774240807835e-10 0.626987066588092 0.389307385982616 0.386622038475557
156 0.373011456108774 2.81802747093556e-10 0.62698854360896 0.389305923036919 0.38662681971719
157 0.373010088062233 2.28366155788323e-10 0.626989911709025 0.389304551107225 0.386631246721706
158 0.373008820846031 1.85062016650522e-10 0.626991178968602 0.389303264756754 0.386635345858943
159 0.373007646987013 1.49969153835633e-10 0.626992352862771 0.389302058844904 0.386639141519505
160 0.373006559570888 1.21530632734064e-10 0.626993440307381 0.38930092851477 0.386642656265231
161 0.373005552199866 9.84847088198094e-11 0.626994447701487 0.389299869180697 0.386645910968022
162 0.37300461895357 7.98088653009457e-11 0.62699538096649 0.389298876515932 0.386648924937933
163 0.373003754352963 6.46744589573127e-11 0.626996245582256 0.389297946440457 0.386651716041379
164 0.373002953327045 5.24099635823528e-11 0.626997046620458 0.389297075109073 0.386654300810252
165 0.373002211182119 4.24711814400191e-11 0.62699778877534 0.389296258899766 0.386656694542647
166 0.373001523573398 3.44171019639895e-11 0.626998476392129 0.389295494402404 0.38665891139587
167 0.373000886478791 2.78903372342641e-11 0.626999113493273 0.38929477840779 0.386660964472324
168 0.373000296174693 2.26012666471225e-11 0.626999703802668 0.389294107897092 0.38666286589884
169 0.372999749213612 1.83151876319635e-11 0.627000250768043 0.389293480031666 0.386664626899948
170 0.372999242403499 1.48419025453155e-11 0.627000757581635 0.389292892143272 0.386666257865581
171 0.372998772788655 1.2027279891752e-11 0.627001227199298 0.389292341724709 0.386667768413622
172 0.372998337632073 9.74641556900682e-12 0.627001662358164 0.389291826420842 0.386669167447716
173 0.372997934399128 7.89809078925797e-12 0.627002065592961 0.389291344020041 0.386670463210689
174 0.372997560742488 6.40028083457673e-12 0.627002439251101 0.389290892446017 0.386671663333933
175 0.372997214488174 5.18651541047966e-12 0.62700278550663 0.389290469750044 0.38667277488306
176 0.372996893622663 4.20292913311421e-12 0.627003106373128 0.38929007410357 0.386673804400103
177 0.372996596280961 3.40587129716978e-12 0.627003403715628 0.389289703791197 0.38667475794255
178 0.372996320735578 2.7599688802085e-12 0.627003679261658 0.389289357204018 0.386675641119424
179 0.372996065386324 2.23655684465575e-12 0.627003934611436 0.38928903283331 0.386676459124668
180 0.372995828750872 1.81240609264572e-12 0.627004171247313 0.389288729264557 0.386677216768007
181 0.372995609456028 1.46869263379589e-12 0.627004390542501 0.389288445171799 0.386677918503509
182 0.372995406229651 1.19016222736346e-12 0.627004593769156 0.389288179312288 0.386678568455996
183 0.372995217893182 9.64453432706551e-13 0.627004782105852 0.389287930521445 0.386679170445486
184 0.372995043354719 7.8154903016464e-13 0.627004956644498 0.389287697708097 0.386679728009801
185 0.372994881602624 6.33331470111219e-13 0.627005118396742 0.389287479849983 0.386680244425491
186 0.372994731699589 5.13222623650733e-13 0.627005268299897 0.389287275989522 0.386680722727193
187 0.372994592777159 4.15891848974187e-13 0.627005407222424 0.389287085229824 0.386681165725549
188 0.372994464030648 3.37019418682635e-13 0.627005535969014 0.389286906730931 0.386681576023788
189 0.372994344714444 2.73104809907777e-13 0.627005655285283 0.389286739706284 0.386681956033073
190 0.372994234137652 2.21311349782813e-13 0.627005765862127 0.389286583419395 0.386682307986707
191 0.372994131660069 1.79340322062403e-13 0.627005868339752 0.389286437180718 0.386682633953282
192 0.372994036688452 1.45328948031254e-13 0.627005963311402 0.389286300344713 0.386682935848854
193 0.372993948673064 1.17767714279928e-13 0.627006051326818 0.389286172307075 0.38668321544821
194 0.372993867104472 9.54333784696069e-14 0.627006132895433 0.389286052502146 0.386683474395303
195 0.372993791510586 7.73346799481786e-14 0.627006208489337 0.38928594040047 0.386683714212908
196 0.372993721453917 6.26683458886289e-14 0.62700627854602 0.389285835506512 0.386683936311571
197 0.372993656529032 5.07834405145129e-14 0.627006343470918 0.389285737356504 0.386684141997887
198 0.372993596360201 4.11524752298085e-14 0.627006403639758 0.389285645516433 0.386684332482166
199 0.37299354059922 3.33479975111403e-14 0.627006459400747 0.389285559580149 0.386684508885541
200 0.372993488923385 2.70236195632527e-14 0.627006511076588 0.389285479167593 0.386684672246538
201 0.372993441033626 2.18986447731913e-14 0.627006558966351 0.389285403923131 0.386684823527165
202 0.372993396652774 1.77456096684297e-14 0.627006603347209 0.389285333514002 0.386684963618558
203 0.372993355523949 1.43801884747234e-14 0.627006644476037 0.389285267628849 0.386685093346195
204 0.37299331740908 1.16530122227021e-14 0.627006682590909 0.389285205976355 0.386685213474741
205 0.372993282087521 9.44303932125134e-15 0.627006717912469 0.38928514828396 0.386685324712527
206 0.37299324935478 7.65218337131687e-15 0.627006750645212 0.389285094296656 0.386685427715694
207 0.372993219021328 6.20095979158212e-15 0.627006780978666 0.389285043775863 0.386685523092044
208 0.37299319091151 5.02495804376672e-15 0.627006809088485 0.389284996498374 0.386685611404597
209 0.372993164862523 4.07198288671596e-15 0.627006835137472 0.38928495225537 0.386685693174887
210 0.372993140723481 3.29973778113661e-15 0.627006859276515 0.38928491085149 0.386685768886019
211 0.372993118354537 2.67394762853205e-15 0.62700688164546 0.38928487210397 0.386685838985499
212 0.372993097626077 2.16683752646284e-15 0.62700690237392 0.389284835841828 0.386685903887853
213 0.372993078417974 1.75590002306121e-15 0.627006921582024 0.38928480190511 0.386685963977055
214 0.372993060618887 1.42289615801042e-15 0.627006939381111 0.389284770144176 0.386686019608777
215 0.372993044125626 1.15304595322731e-15 0.627006955874373 0.389284740419037 0.386686071112475
216 0.372993028842548 9.34372424759985e-16 0.627006971157451 0.389284712598732 0.386686118793314
217 0.37299301468101 7.57170001101522e-16 0.62700698531899 0.389284686560745 0.38668616293396
218 0.372993001558855 6.13573754628741e-16 0.627006998441144 0.389284662190463 0.386686203796235
219 0.372992989399938 4.97210327254769e-16 0.627007010600061 0.389284639380662 0.386686241622651
220 0.372992978133686 4.0291505721854e-16 0.627007021866313 0.389284618031033 0.386686276637834
221 0.37299296769469 3.26502752144401e-16 0.62700703230531 0.389284598047736 0.386686309049838
222 0.372992958022328 2.64581934495487e-16 0.627007041977672 0.389284579342979 0.386686339051367
223 0.372992949060413 2.14404314989239e-16 0.627007050939587 0.389284561834631 0.386686366820904
224 0.372992940756873 1.73742813076015e-16 0.627007059243127 0.389284545445854 0.38668639252376
225 0.372992933063445 1.40792710595706e-16 0.627007066936555 0.389284530104762 0.386686416313042
226 0.3729929259354 1.14091551456223e-16 0.627007074064601 0.389284515744103 0.386686438330554
227 0.372992919331281 9.24542321907357e-17 0.627007080668719 0.389284502300955 0.386686458707628
228 0.372992913212668 7.49204024747605e-17 0.627007086787331 0.389284489716452 0.386686477565895
229 0.372992907543955 6.0711841043698e-17 0.627007092456046 0.389284477935518 0.386686495018001
230 0.372992902292138 4.91979151953669e-17 0.627007097707862 0.389284466906622 0.38668651116827
231 0.372992897426635 3.98675908407456e-17 0.627007102573365 0.389284456581553 0.386686526113314
232 0.372992892919099 3.23067508033545e-17 0.6270071070809 0.389284446915202 0.386686539942604
233 0.372992888743264 2.6179814667301e-17 0.627007111256736 0.389284437865363 0.386686552738996
234 0.372992884874782 2.12148443926824e-17 0.627007115125218 0.389284429392546 0.386686564579217
235 0.372992881291094 1.71914746284162e-17 0.627007118708907 0.389284421459798 0.38668657553432
236 0.372992877971288 1.39311320232575e-17 0.627007122028711 0.389284414032546 0.386686585670099
237 0.37299287489599 1.12891094301619e-17 0.627007125104009 0.389284407078439 0.386686595047479
238 0.372992872047242 9.14814322637791e-18 0.627007127952757 0.389284400567203 0.386686603722876
239 0.372992869408402 7.41320868567946e-18 0.627007130591598 0.389284394470512 0.386686611748527
240 0.37299286696405 6.00730240098412e-18 0.62700713303595 0.389284388761857 0.386686619172799
241 0.372992864699893 4.86802456471152e-18 0.627007135300107 0.389284383416435 0.386686626040477
242 0.372992862602689 3.94480941502438e-18 0.627007137397312 0.389284378411031 0.386686632393027
243 0.372992860660164 3.19668092421969e-18 0.627007139339835 0.389284373723924 0.386686638268839
244 0.372992858860948 2.59043411783623e-18 0.627007141139052 0.389284369334785 0.386686643703459
245 0.372992857194501 2.09916130420405e-18 0.627007142805499 0.38928436522459 0.386686648729794
246 0.372992855651057 1.7010578026433e-18 0.627007144348942 0.389284361375532 0.38668665337831
247 0.372992854221569 1.37845416377148e-18 0.62700714577843 0.38928435777095 0.386686657677211
248 0.37299285289765 1.11703192799361e-18 0.627007147102349 0.389284354395248 0.386686661652608
249 0.372992851671532 9.05188114401578e-19 0.627007148328468 0.389284351233831 0.386686665328672
250 0.372992850536015 7.3352023355503e-19 0.627007149463985 0.389284348273037 0.386686668727778
251 0.372992849484427 5.94408966945814e-19 0.627007150515573 0.389284345500081 0.386686671870637
252 0.372992848510589 4.81679990784847e-19 0.627007151489412 0.389284342902995 0.386686674776423
253 0.372992847608771 3.90329934491308e-19 0.627007152391228 0.389284340470576 0.386686677462881
254 0.37299284677367 3.16304310818841e-19 0.62700715322633 0.38928433819234 0.386686679946436
255 0.372992846000366 2.56317561262935e-19 0.627007153999634 0.389284336058473 0.386686682242293
256 0.372992845284305 2.07707229638778e-19 0.627007154715695 0.389284334059788 0.386686684364521
257 0.372992844621267 1.6831579146425e-19 0.627007155378734 0.389284332187684 0.386686686326143
258 0.37299284400734 1.36394894258592e-19 0.62700715599266 0.389284330434113 0.386686688139212
259 0.372992843438901 1.10527758553942e-19 0.627007156561099 0.389284328791536 0.386686689814882
260 0.372992842912595 8.9566295462641e-20 0.627007157087405 0.389284327252901 0.386686691363474
261 0.372992842425311 7.25801498232694e-20 0.627007157574689 0.389284325811602 0.38668669279454
262 0.372992841974169 5.88154072537786e-20 0.62700715802583 0.389284324461457 0.386686694116919
263 0.3729928415565 4.766113236331e-20 0.6270071584435 0.389284323196676 0.38668669533879
264 0.37299284116983 3.86222529528027e-20 0.62700715883017 0.389284322011842 0.386686696467719
265 0.372992840811869 3.12975866951631e-20 0.627007159188131 0.38928432090188 0.38668669751071
266 0.372992840480496 2.53620350298408e-20 0.627007159519503 0.38928431986204 0.38668669847424
267 0.372992840173745 2.05521539645197e-20 0.627007159826255 0.389284318887875 0.386686699364304
268 0.372992839889794 1.66544613574678e-20 0.627007160110206 0.389284317975219 0.386686700186446
269 0.372992839626958 1.34959617102014e-20 0.627007160373042 0.389284317120174 0.386686700945796
270 0.372992839383673 1.09364679222294e-20 0.627007160616327 0.389284316319089 0.3866867016471
271 0.372992839158493 8.86237921612073e-21 0.627007160841507 0.389284315568545 0.386686702294747
272 0.372992838950077 7.18163907188807e-21 0.627007161049924 0.389284314865341 0.386686702892797
273 0.372992838757182 5.81964938329648e-21 0.627007161242818 0.389284314206481 0.386686703445008
274 0.37299283857866 4.7159594897174e-21 0.62700716142134 0.389284313589156 0.386686703954852
275 0.372992838413445 3.82158312927978e-21 0.627007161586555 0.389284313010739 0.386686704425542
276 0.37299283826055 3.0968242287707e-21 0.627007161739449 0.389284312468767 0.38668670486005
277 0.372992838119063 2.50951502998398e-21 0.627007161880937 0.389284311960937 0.386686705261124
278 0.372992837988135 2.03358835338491e-21 0.627007162011865 0.389284311485089 0.386686705631305
279 0.372992837866983 1.64792063033424e-21 0.627007162133017 0.389284311039202 0.386686705972942
280 0.372992837754882 1.33539435292573e-21 0.627007162245118 0.389284310621381 0.386686706288209
281 0.37299283765116 1.08213832913895e-21 0.62700716234884 0.389284310229855 0.386686706579114
282 0.372992837555194 8.7691202273352e-22 0.627007162444806 0.389284309862963 0.386686706847515
283 0.372992837466406 7.10606652378899e-22 0.627007162533594 0.389284309519148 0.38668670709513
284 0.372992837384265 5.75840906764336e-22 0.627007162615735 0.389284309196954 0.386686707323545
285 0.372992837308275 4.66633331876866e-22 0.627007162691725 0.389284308895017 0.386686707534228
286 0.372992837237978 3.78136849658275e-22 0.627007162762022 0.389284308612059 0.386686707728537
287 0.37299283717295 3.0642362489611e-22 0.62700716282705 0.389284308346881 0.386686707907725
288 0.3729928371128 2.48310731863639e-22 0.6270071628872 0.389284308098365 0.38668670807295
289 0.372992837057164 2.01218883082972e-22 0.627007162942836 0.389284307865458 0.386686708225285
290 0.372992837005705 1.63057950017398e-22 0.627007162994295 0.389284307647177 0.386686708365719
291 0.372992836958112 1.32134194634132e-22 0.627007163041888 0.3892843074426 0.386686708495167
292 0.372992836914096 1.07075094395638e-22 0.627007163085904 0.389284307250865 0.386686708614474
293 0.37299283687339 8.67684241058437e-23 0.627007163126609 0.389284307071162 0.386686708724422
294 0.372992836835748 7.03128908149568e-23 0.627007163164252 0.389284306902734 0.386686708825731
295 0.37299283680094 5.69781307584711e-23 0.62700716319906 0.389284306744871 0.38668670891907
296 0.372992836768755 4.61722928312286e-23 0.627007163231245 0.389284306596909 0.386686709005053
297 0.372992836738996 3.74157698187974e-23 0.627007163261003 0.389284306458223 0.38668670908425
298 0.372992836711482 3.03199114709812e-23 0.627007163288517 0.389284306328231 0.386686709157186
299 0.372992836686045 2.45697746167641e-23 0.627007163313954 0.389284306206386 0.386686709224347
300 0.37299283666253 1.991014470037e-23 0.62700716333747 0.389284306092177 0.386686709286182
301 0.372992836640792 1.61342083171403e-23 0.627007163359208 0.389284305985122 0.386686709343103
302 0.372992836620697 1.30743739901261e-23 0.627007163379302 0.389284305884772 0.386686709395493
303 0.372992836602124 1.05948337759817e-23 0.627007163397876 0.389284305790706 0.386686709443706
304 0.372992836584958 8.58553555386193e-24 0.627007163415042 0.38928430570253 0.386686709488068
305 0.372992836569092 6.95729846289e-24 0.627007163430908 0.389284305619873 0.386686709528879
306 0.372992836554431 5.63785469136976e-24 0.627007163445569 0.389284305542389 0.386686709566416
307 0.372992836540881 4.56864193618377e-24 0.627007163459119 0.389284305469753 0.386686709600937
308 0.372992836528362 3.70220416862888e-24 0.627007163471639 0.389284305401661 0.386686709632679
309 0.372992836516793 3.00008534206363e-24 0.627007163483207 0.389284305337828 0.386686709661858
310 0.372992836506105 2.43112255551186e-24 0.627007163493895 0.389284305277987 0.386686709688678
311 0.372992836496231 1.97006291685373e-24 0.627007163503769 0.389284305221887 0.386686709713324
312 0.372992836487109 1.59644271634448e-24 0.62700716351289 0.389284305169293 0.386686709735967
313 0.372992836478683 1.29367916360471e-24 0.627007163521317 0.389284305119987 0.386686709756766
314 0.3729928364709 1.04833437566091e-24 0.6270071635291 0.389284305073762 0.386686709775867
315 0.372992836463712 8.49518948819811e-25 0.627007163536288 0.389284305030425 0.386686709793405
316 0.372992836457073 6.88408642460787e-25 0.627007163542927 0.389284304989794 0.386686709809503
317 0.372992836450943 5.57852723199245e-25 0.627007163549057 0.389284304951702 0.386686709824277
318 0.372992836445282 4.52056586135553e-25 0.627007163554719 0.389284304915987 0.386686709837831
319 0.372992836440055 3.66324566624449e-25 0.627007163559946 0.389284304882503 0.386686709850265
320 0.372992836435229 2.96851527500923e-25 0.627007163564771 0.389284304851108 0.386686709861666
321 0.372992836430774 2.40553971552557e-25 0.627007163569227 0.389284304821673 0.386686709872118
322 0.372992836426661 1.94933183320106e-25 0.627007163573339 0.389284304794074 0.386686709881697
323 0.372992836422865 1.57964325900531e-25 0.627007163577135 0.389284304768197 0.386686709890474
324 0.372992836419362 1.2800657041568e-25 0.627007163580639 0.389284304743934 0.386686709898513
325 0.372992836416128 1.03730269325404e-25 0.627007163583872 0.389284304721184 0.386686709905874
326 0.372992836413145 8.40579412393343e-26 0.627007163586855 0.389284304699853 0.386686709912612
327 0.372992836410391 6.81164478922439e-26 0.627007163589608 0.389284304679851 0.386686709918777
328 0.372992836407852 5.5198240701848e-26 0.627007163592148 0.389284304661097 0.386686709924416
329 0.372992836405509 4.47299568730174e-26 0.627007163594492 0.389284304643511 0.386686709929573
330 0.372992836403347 3.62469712152496e-26 0.627007163596653 0.389284304627021 0.386686709934286
331 0.372992836401354 2.93727741791271e-26 0.627007163598646 0.389284304611558 0.386686709938592
332 0.372992836399515 2.38022608248006e-26 0.627007163600485 0.389284304597059 0.386686709942524
333 0.372992836397819 1.92881890186681e-26 0.62700716360218 0.389284304583463 0.386686709946113
334 0.372992836396256 1.56302058177139e-26 0.627007163603743 0.389284304570713 0.386686709949389
335 0.372992836394815 1.26659549876269e-26 0.627007163605185 0.389284304558757 0.386686709952376
336 0.372992836393487 1.02638709700347e-26 0.627007163606513 0.389284304547546 0.386686709955099
337 0.372992836392262 8.31733946568845e-27 0.627007163607738 0.389284304537032 0.386686709957579
338 0.372992836391134 6.7399654564328e-27 0.627007163608866 0.389284304527173 0.386686709959838
339 0.372992836390094 5.46173864144872e-27 0.627007163609906 0.389284304517927 0.386686709961893
340 0.372992836389135 4.42592609416952e-27 0.627007163610864 0.389284304509256 0.386686709963763
341 0.372992836388253 3.58655422329289e-27 0.627007163611748 0.389284304501126 0.386686709965462
342 0.372992836387439 2.90636827703489e-27 0.62700716361256 0.3892843044935 0.386686709967005
343 0.372992836386691 2.35517882509089e-27 0.62700716361331 0.389284304486349 0.386686709968405
344 0.372992836386001 1.90852182841959e-27 0.627007163613999 0.389284304479642 0.386686709969675
345 0.372992836385366 1.54657282527493e-27 0.627007163614634 0.389284304473353 0.386686709970826
346 0.372992836384781 1.25326704062701e-27 0.627007163615219 0.389284304467454 0.386686709971869
347 0.372992836384243 1.01558636583487e-27 0.627007163615757 0.389284304461922 0.386686709972811
348 0.372992836383748 8.22981561816551e-28 0.627007163616253 0.389284304456734 0.386686709973663
349 0.372992836383292 6.66904040733622e-28 0.627007163616708 0.389284304451868 0.386686709974432
350 0.372992836382872 5.40426444748844e-28 0.627007163617128 0.389284304447305 0.386686709975126
351 0.372992836382486 4.37935181592716e-28 0.627007163617513 0.389284304443025 0.38668670997575
352 0.372992836382132 3.54881270411562e-28 0.627007163617868 0.389284304439011 0.386686709976312
353 0.372992836381806 2.8757843941834e-28 0.627007163618195 0.389284304435246 0.386686709976817
354 0.372992836381506 2.33039514095276e-28 0.627007163618495 0.389284304431715 0.38668670997727
355 0.37299283638123 1.88843834188567e-28 0.62700716361877 0.389284304428403 0.386686709977676
356 0.372992836380976 1.53029814919867e-28 0.627007163619024 0.389284304425297 0.386686709978039
357 0.372992836380743 1.24007883842322e-28 0.627007163619257 0.389284304422384 0.386686709978362
358 0.37299283638053 1.00489929123254e-28 0.62700716361947 0.389284304419651 0.386686709978651
359 0.372992836380333 8.14321278801232e-29 0.627007163619667 0.389284304417088 0.386686709978907
360 0.372992836380153 6.59886170578168e-29 0.627007163619848 0.389284304414684 0.386686709979134
361 0.372992836379987 5.34739505715918e-29 0.627007163620013 0.389284304412429 0.386686709979335
362 0.372992836379835 4.33326764103347e-29 0.627007163620165 0.389284304410315 0.386686709979512
363 0.372992836379695 3.51146834077303e-29 0.627007163620305 0.389284304408331 0.386686709979667
364 0.372992836379567 2.8455223470356e-29 0.627007163620432 0.38928430440647 0.386686709979803
365 0.37299283637945 2.30587225675907e-29 0.62700716362055 0.389284304404725 0.386686709979921
366 0.372992836379342 1.8685661948952e-29 0.627007163620658 0.389284304403088 0.386686709980024
367 0.372992836379244 1.51419473237063e-29 0.627007163620756 0.389284304401552 0.386686709980112
368 0.372992836379153 1.22702941635255e-29 0.627007163620847 0.389284304400112 0.386686709980188
369 0.37299283637907 9.94324677273808e-30 0.62700716362093 0.389284304398761 0.386686709980252
370 0.372992836378995 8.05752128399972e-30 0.627007163621006 0.389284304397494 0.386686709980306
371 0.372992836378925 6.52942149842845e-30 0.627007163621075 0.389284304396305 0.386686709980351
372 0.372992836378861 5.29112410646572e-30 0.627007163621138 0.38928430439519 0.386686709980387
373 0.372992836378803 4.28766841239397e-30 0.627007163621196 0.389284304394143 0.386686709980416
374 0.37299283637875 3.47451695418991e-30 0.62700716362125 0.389284304393162 0.386686709980439
375 0.372992836378702 2.81557874905977e-30 0.627007163621298 0.389284304392242 0.386686709980456
376 0.372992836378657 2.28160742821996e-30 0.627007163621342 0.389284304391378 0.386686709980468
377 0.372992836378617 1.84890316360224e-30 0.627007163621384 0.389284304390569 0.386686709980476
378 0.37299283637858 1.49826077268907e-30 0.62700716362142 0.389284304389809 0.386686709980479
379 0.372992836378546 1.21411731407559e-30 0.627007163621454 0.389284304389096 0.38668670998048
380 0.372992836378515 9.83861340567771e-31 0.627007163621485 0.389284304388427 0.386686709980477
381 0.372992836378487 7.97273151648223e-31 0.627007163621513 0.3892843043878 0.386686709980471
382 0.372992836378461 6.4607120142785e-31 0.627007163621539 0.389284304387212 0.386686709980464
383 0.372992836378438 5.23544529815753e-31 0.627007163621562 0.38928430438666 0.386686709980454
384 0.372992836378417 4.24254902701445e-31 0.627007163621584 0.389284304386142 0.386686709980443
385 0.372992836378397 3.43795440914153e-31 0.627007163621603 0.389284304385656 0.38668670998043
386 0.37299283637838 2.7859502492662e-31 0.627007163621621 0.389284304385201 0.386686709980416
387 0.372992836378364 2.25759793985285e-31 0.627007163621636 0.389284304384773 0.386686709980402
388 0.372992836378349 1.82944704750919e-31 0.627007163621651 0.389284304384372 0.386686709980386
389 0.372992836378336 1.48249448697587e-31 0.627007163621665 0.389284304383996 0.386686709980371
390 0.372992836378324 1.20134108659011e-31 0.627007163621676 0.389284304383643 0.386686709980354
391 0.372992836378313 9.73508110153887e-32 0.627007163621687 0.389284304383312 0.386686709980337
392 0.372992836378303 7.88883399655766e-32 0.627007163621697 0.389284304383001 0.38668670998032
393 0.372992836378294 6.39272556398159e-32 0.627007163621705 0.38928430438271 0.386686709980303
394 0.372992836378287 5.18035240115522e-32 0.627007163621714 0.389284304382436 0.386686709980287
395 0.372992836378279 4.19790443552835e-32 0.62700716362172 0.38928430438218 0.38668670998027
396 0.372992836378273 3.40177661386479e-32 0.627007163621727 0.389284304381939 0.386686709980253
397 0.372992836378267 2.75663353188758e-32 0.627007163621733 0.389284304381713 0.386686709980237
398 0.372992836378262 2.23384110472013e-32 0.627007163621738 0.389284304381501 0.38668670998022
399 0.372992836378257 1.81019566925178e-32 0.627007163621743 0.389284304381303 0.386686709980204
400 0.372992836378253 1.4668941108004e-32 0.627007163621747 0.389284304381116 0.386686709980188
401 0.372992836378249 1.18869930408698e-32 0.627007163621751 0.389284304380941 0.386686709980173
402 0.372992836378246 9.63263827384146e-33 0.627007163621755 0.389284304380777 0.386686709980158
403 0.372992836378242 7.80581933510443e-33 0.627007163621758 0.389284304380623 0.386686709980143
404 0.37299283637824 6.32545453904918e-33 0.62700716362176 0.389284304380479 0.386686709980129
405 0.372992836378237 5.12583924990906e-33 0.627007163621763 0.389284304380344 0.386686709980116
406 0.372992836378235 4.15372964167368e-33 0.627007163621765 0.389284304380216 0.386686709980102
407 0.372992836378233 3.36597951963173e-33 0.627007163621767 0.389284304380097 0.386686709980089
408 0.372992836378232 2.72762531603163e-33 0.627007163621768 0.389284304379985 0.386686709980076
409 0.37299283637823 2.21033426414626e-33 0.62700716362177 0.38928430437988 0.386686709980064
410 0.372992836378229 1.79114687436868e-33 0.627007163621771 0.389284304379781 0.386686709980053
411 0.372992836378228 1.45145789829207e-33 0.627007163621772 0.389284304379689 0.386686709980042
412 0.372992836378227 1.17619055179769e-33 0.627007163621773 0.389284304379602 0.386686709980031
413 0.372992836378226 9.53127345799021e-34 0.627007163621774 0.389284304379521 0.38668670998002
414 0.372992836378225 7.723678241773e-34 0.627007163621774 0.389284304379444 0.38668670998001
415 0.372992836378225 6.25889141103464e-34 0.627007163621775 0.389284304379373 0.386686709980001
416 0.372992836378224 5.07189974373279e-34 0.627007163621776 0.389284304379305 0.386686709979991
417 0.372992836378224 4.11001970175165e-34 0.627007163621776 0.389284304379242 0.386686709979983
418 0.372992836378224 3.33055912030989e-34 0.627007163621777 0.389284304379183 0.386686709979974
419 0.372992836378223 2.69892235532394e-34 0.627007163621777 0.389284304379128 0.386686709979966
420 0.372992836378223 2.18707478742774e-34 0.627007163621777 0.389284304379076 0.386686709979958
421 0.372992836378223 1.7722985310661e-34 0.627007163621777 0.389284304379027 0.386686709979951
422 0.372992836378223 1.43618412194916e-34 0.627007163621777 0.389284304378981 0.386686709979944
423 0.372992836378223 1.16381342983912e-34 0.627007163621777 0.389284304378938 0.386686709979937
424 0.372992836378223 9.43097531001554e-35 0.627007163621777 0.389284304378897 0.38668670997993
425 0.372992836378223 7.642401523964e-35 0.627007163621777 0.38928430437886 0.386686709979924
426 0.372992836378223 6.19302873070409e-35 0.627007163621777 0.389284304378824 0.386686709979918
427 0.372992836378223 5.01852784613086e-35 0.627007163621777 0.389284304378791 0.386686709979913
428 0.372992836378223 4.06676972408093e-35 0.627007163621777 0.389284304378759 0.386686709979908
429 0.372992836378223 3.29551145191952e-35 0.627007163621777 0.38928430437873 0.386686709979903
430 0.372992836378224 2.67052143754884e-35 0.627007163621777 0.389284304378703 0.386686709979898
431 0.372992836378224 2.16406007154184e-35 0.627007163621777 0.389284304378677 0.386686709979893
432 0.372992836378224 1.75364852998152e-35 0.627007163621777 0.389284304378653 0.386686709979889
433 0.372992836378224 1.4210710724473e-35 0.627007163621776 0.38928430437863 0.386686709979885
434 0.372992836378224 1.15156655305827e-35 0.627007163621776 0.389284304378608 0.38668670997988
435 0.372992836378224 9.33173260531398e-36 0.627007163621776 0.389284304378588 0.386686709979877
436 0.372992836378224 7.56198008580697e-36 0.627007163621776 0.389284304378569 0.386686709979873
437 0.372992836378224 6.12785912720836e-36 0.627007163621776 0.389284304378552 0.38668670997987
438 0.372992836378225 4.96571758412713e-36 0.627007163621776 0.389284304378535 0.386686709979867
439 0.372992836378225 4.02397486845341e-36 0.627007163621775 0.389284304378519 0.386686709979863
440 0.372992836378225 3.2608325921924e-36 0.627007163621775 0.389284304378505 0.38668670997986
441 0.372992836378225 2.64241938429177e-36 0.627007163621775 0.389284304378491 0.386686709979858
442 0.372992836378225 2.14128754085665e-36 0.627007163621775 0.389284304378479 0.386686709979855
443 0.372992836378226 1.73519478394866e-36 0.627007163621775 0.389284304378466 0.386686709979852
444 0.372992836378226 1.40611705844891e-36 0.627007163621775 0.389284304378455 0.38668670997985
445 0.372992836378226 1.13944855087779e-36 0.627007163621774 0.389284304378444 0.386686709979848
446 0.372992836378226 9.2335342373963e-37 0.627007163621774 0.389284304378435 0.386686709979846
447 0.372992836378226 7.48240492714566e-37 0.627007163621774 0.389284304378425 0.386686709979844
448 0.372992836378226 6.06337530726056e-37 0.627007163621774 0.389284304378416 0.386686709979842
449 0.372992836378226 4.91346304759822e-37 0.627007163621774 0.389284304378408 0.38668670997984
450 0.372992836378226 3.98163034559387e-37 0.627007163621774 0.3892843043784 0.386686709979838
451 0.372992836378227 3.22651866013388e-37 0.627007163621774 0.389284304378393 0.386686709979837
452 0.372992836378227 2.61461305058428e-37 0.627007163621774 0.389284304378387 0.386686709979835
453 0.372992836378227 2.11875464684341e-37 0.627007163621773 0.38928430437838 0.386686709979834
454 0.372992836378227 1.71693522776434e-37 0.627007163621773 0.389284304378374 0.386686709979832
455 0.372992836378227 1.39132040641422e-37 0.627007163621773 0.389284304378368 0.386686709979831
456 0.372992836378227 1.12745806714284e-37 0.627007163621773 0.389284304378363 0.38668670997983
457 0.372992836378227 9.13636921664625e-38 0.627007163621773 0.389284304378358 0.386686709979828
458 0.372992836378227 7.40366714253204e-38 0.627007163621773 0.389284304378354 0.386686709979827
459 0.372992836378227 5.99957005432073e-38 0.627007163621772 0.389284304378349 0.386686709979826
460 0.372992836378228 4.86175838861279e-38 0.627007163621772 0.389284304378345 0.386686709979825
461 0.372992836378228 3.93973141662449e-38 0.627007163621773 0.389284304378341 0.386686709979825
462 0.372992836378228 3.19256581558894e-38 0.627007163621772 0.389284304378338 0.386686709979823
463 0.372992836378228 2.5870993245524e-38 0.627007163621772 0.389284304378334 0.386686709979823
464 0.372992836378228 2.09645886779151e-38 0.627007163621772 0.389284304378331 0.386686709979822
465 0.372992836378228 1.69886781795751e-38 0.627007163621772 0.389284304378328 0.386686709979821
466 0.372992836378228 1.37667946041416e-38 0.627007163621772 0.389284304378326 0.386686709979821
467 0.372992836378228 1.1155937599694e-38 0.627007163621772 0.389284304378323 0.38668670997982
468 0.372992836378228 9.04022666909149e-39 0.627007163621772 0.389284304378321 0.386686709979819
469 0.372992836378228 7.3257579202303e-39 0.627007163621772 0.389284304378318 0.386686709979819
470 0.372992836378228 5.93643622778876e-39 0.627007163621772 0.389284304378316 0.386686709979818
471 0.372992836378228 4.81059782077743e-39 0.627007163621772 0.389284304378314 0.386686709979818
472 0.372992836378228 3.8982733925348e-39 0.627007163621772 0.389284304378312 0.386686709979817
473 0.372992836378228 3.15897025881264e-39 0.627007163621772 0.38928430437831 0.386686709979817
474 0.372992836378229 2.5598751270685e-39 0.627007163621771 0.389284304378309 0.386686709979816
475 0.372992836378229 2.07439770852639e-39 0.627007163621771 0.389284304378307 0.386686709979816
476 0.372992836378229 1.68099053256062e-39 0.627007163621772 0.389284304378306 0.386686709979815
477 0.372992836378229 1.36219258194503e-39 0.627007163621771 0.389284304378304 0.386686709979815
478 0.372992836378229 1.10385430159415e-39 0.627007163621771 0.389284304378303 0.386686709979815
479 0.372992836378229 8.94509583518692e-40 0.627007163621771 0.389284304378302 0.386686709979814
480 0.372992836378229 7.24866854123084e-40 0.627007163621771 0.3892843043783 0.386686709979814
481 0.372992836378229 5.87396676220537e-40 0.627007163621771 0.389284304378299 0.386686709979814
482 0.372992836378229 4.75997561858921e-40 0.627007163621771 0.389284304378298 0.386686709979813
483 0.372992836378229 3.85725163365703e-40 0.627007163621771 0.389284304378297 0.386686709979813
484 0.372992836378229 3.12572823004492e-40 0.627007163621771 0.389284304378296 0.386686709979813
485 0.372992836378229 2.53293741140676e-40 0.627007163621771 0.389284304378296 0.386686709979813
486 0.372992836378229 2.05256870013034e-40 0.627007163621771 0.389284304378295 0.386686709979812
487 0.372992836378229 1.6633013708834e-40 0.627007163621771 0.389284304378294 0.386686709979812
488 0.372992836378229 1.34785814974521e-40 0.627007163621771 0.389284304378293 0.386686709979812
489 0.372992836378229 1.09223837822589e-40 0.627007163621771 0.389284304378293 0.386686709979812
490 0.372992836378229 8.85096606861069e-41 0.627007163621771 0.389284304378292 0.386686709979812
491 0.372992836378229 7.17239037827472e-41 0.627007163621771 0.389284304378292 0.386686709979812
492 0.372992836378229 5.81215466646147e-41 0.627007163621771 0.389284304378291 0.386686709979811
493 0.372992836378229 4.70988611679496e-41 0.627007163621771 0.389284304378291 0.386686709979811
494 0.372992836378229 3.81666154914685e-41 0.627007163621771 0.38928430437829 0.386686709979811
495 0.372992836378229 3.09283600908989e-41 0.627007163621771 0.38928430437829 0.386686709979811
496 0.372992836378229 2.50628316290223e-41 0.627007163621771 0.389284304378289 0.386686709979811
497 0.372992836378229 2.03096939966617e-41 0.627007163621771 0.389284304378289 0.386686709979811
498 0.372992836378229 1.64579835328897e-41 0.627007163621771 0.389284304378288 0.38668670997981
499 0.372992836378229 1.3336745596137e-41 0.627007163621771 0.389284304378288 0.38668670997981
500 0.372992836378229 1.08074468989853e-41 0.627007163621771 0.389284304378288 0.38668670997981
501 0.372992836378229 8.75782683507278e-42 0.627007163621771 0.389284304378288 0.38668670997981
502 0.372992836378229 7.09691489488807e-42 0.627007163621771 0.389284304378287 0.38668670997981
503 0.372992836378229 5.75099302301581e-42 0.627007163621771 0.389284304378287 0.38668670997981
504 0.372992836378229 4.66032370975728e-42 0.627007163621771 0.389284304378287 0.38668670997981
505 0.372992836378229 3.77649859646964e-42 0.627007163621771 0.389284304378286 0.38668670997981
506 0.372992836378229 3.06028991489949e-42 0.62700716362177 0.389284304378286 0.38668670997981
507 0.372992836378229 2.47990939861343e-42 0.62700716362177 0.389284304378286 0.38668670997981
508 0.372992836378229 2.0095973899039e-42 0.62700716362177 0.389284304378286 0.38668670997981
509 0.372992836378229 1.62847952097224e-42 0.627007163621771 0.389284304378286 0.38668670997981
510 0.372992836378229 1.31964022423059e-42 0.627007163621771 0.389284304378285 0.38668670997981
511 0.37299283637823 1.06937195032558e-42 0.627007163621771 0.389284304378285 0.38668670997981
512 0.37299283637823 8.6656677111361e-43 0.62700716362177 0.389284304378285 0.386686709979809
513 0.37299283637823 7.02223364442685e-43 0.627007163621771 0.389284304378285 0.386686709979809
514 0.37299283637823 5.69047498712082e-43 0.627007163621771 0.389284304378285 0.38668670997981
515 0.37299283637823 4.61128285082724e-43 0.627007163621771 0.389284304378285 0.386686709979809
516 0.37299283637823 3.73675828089216e-43 0.627007163621771 0.389284304378285 0.386686709979809
517 0.37299283637823 3.02808630516152e-43 0.627007163621771 0.389284304378285 0.386686709979809
518 0.37299283637823 2.45381316698856e-43 0.627007163621771 0.389284304378285 0.386686709979809
519 0.37299283637823 1.98845027905018e-43 0.627007163621771 0.389284304378284 0.386686709979809
520 0.37299283637823 1.61134293574078e-43 0.627007163621771 0.389284304378284 0.386686709979809
521 0.372992836378229 1.30575357297943e-43 0.62700716362177 0.389284304378284 0.386686709979809
522 0.372992836378229 1.05811888675623e-43 0.62700716362177 0.389284304378284 0.386686709979809
523 0.372992836378229 8.57447838304999e-44 0.62700716362177 0.389284304378284 0.386686709979809
524 0.372992836378229 6.94833826913154e-44 0.62700716362177 0.389284304378284 0.386686709979809
525 0.372992836378229 5.63059378605658e-44 0.62700716362177 0.389284304378284 0.386686709979809
526 0.372992836378229 4.56275805172359e-44 0.62700716362177 0.389284304378284 0.386686709979809
527 0.372992836378229 3.69743615497948e-44 0.62700716362177 0.389284304378284 0.386686709979809
528 0.372992836378229 2.99622157589206e-44 0.62700716362177 0.389284304378284 0.386686709979809
529 0.372992836378229 2.42799154753517e-44 0.62700716362177 0.389284304378284 0.386686709979809
530 0.372992836378229 1.96752570048064e-44 0.627007163621771 0.389284304378284 0.386686709979809
531 0.372992836378229 1.59438667979784e-44 0.62700716362177 0.389284304378284 0.386686709979809
532 0.372992836378229 1.29201305177147e-44 0.62700716362177 0.389284304378284 0.386686709979809
533 0.372992836378229 1.04698423983289e-44 0.62700716362177 0.389284304378283 0.386686709979809
534 0.372992836378229 8.48424864559602e-45 0.62700716362177 0.389284304378283 0.386686709979809
535 0.372992836378229 6.8752204991918e-45 0.62700716362177 0.389284304378284 0.386686709979809
536 0.372992836378229 5.57134271837297e-45 0.62700716362177 0.389284304378284 0.386686709979809
537 0.372992836378229 4.51474388191859e-45 0.62700716362177 0.389284304378283 0.386686709979809
538 0.372992836378229 3.65852781809731e-45 0.62700716362177 0.389284304378283 0.386686709979809
539 0.372992836378229 2.96469216103214e-45 0.62700716362177 0.389284304378283 0.386686709979809
540 0.372992836378229 2.40244165049331e-45 0.62700716362177 0.389284304378283 0.386686709979809
541 0.372992836378229 1.94682131247504e-45 0.62700716362177 0.389284304378283 0.386686709979809
542 0.372992836378229 1.57760885552778e-45 0.627007163621771 0.389284304378283 0.386686709979809
543 0.372992836378229 1.27841712287171e-45 0.627007163621771 0.389284304378283 0.386686709979809
544 0.372992836378229 1.03596676345026e-45 0.62700716362177 0.389284304378283 0.386686709979809
545 0.372992836378229 8.39496840094586e-46 0.627007163621771 0.389284304378283 0.386686709979809
546 0.372992836378229 6.80287215182102e-46 0.627007163621771 0.389284304378283 0.386686709979809
547 0.37299283637823 5.51271515313954e-46 0.62700716362177 0.389284304378283 0.386686709979809
548 0.372992836378229 4.4672349680303e-46 0.62700716362177 0.389284304378283 0.386686709979809
549 0.372992836378229 3.62002891591948e-46 0.627007163621771 0.389284304378283 0.386686709979809
550 0.372992836378229 2.9334945320486e-46 0.627007163621771 0.389284304378283 0.386686709979809
551 0.372992836378229 2.37716061651217e-46 0.62700716362177 0.389284304378283 0.386686709979809
552 0.372992836378229 1.9263347979552e-46 0.62700716362177 0.389284304378283 0.386686709979809
553 0.372992836378229 1.56100758528367e-46 0.62700716362177 0.389284304378283 0.386686709979809
554 0.372992836378229 1.26496426472685e-46 0.62700716362177 0.389284304378283 0.386686709979809
555 0.372992836378229 1.02506522461591e-46 0.627007163621771 0.389284304378283 0.386686709979809
556 0.372992836378229 8.30662765753119e-47 0.627007163621771 0.389284304378283 0.386686709979809
557 0.372992836378229 6.7312851303405e-47 0.627007163621771 0.389284304378283 0.386686709979809
558 0.372992836378229 5.45470452920357e-47 0.627007163621771 0.389284304378283 0.386686709979809
559 0.372992836378229 4.42022599322113e-47 0.62700716362177 0.389284304378283 0.386686709979809
560 0.372992836378229 3.58193513994066e-47 0.62700716362177 0.389284304378283 0.386686709979809
561 0.372992836378229 2.90262519753927e-47 0.62700716362177 0.389284304378283 0.386686709979809
562 0.372992836378229 2.35214561633003e-47 0.62700716362177 0.389284304378283 0.386686709979809
563 0.372992836378229 1.90606386422569e-47 0.62700716362177 0.389284304378283 0.386686709979809
564 0.372992836378229 1.54458101117716e-47 0.62700716362177 0.389284304378283 0.386686709979809
565 0.372992836378229 1.25165297179496e-47 0.62700716362177 0.389284304378283 0.386686709979809
566 0.372992836378229 1.01427840331222e-47 0.62700716362177 0.389284304378283 0.386686709979809
567 0.372992836378229 8.21921652892558e-48 0.62700716362177 0.389284304378283 0.386686709979809
568 0.372992836378229 6.66045142327337e-48 0.62700716362177 0.389284304378283 0.386686709979809
569 0.372992836378229 5.3973043544557e-48 0.62700716362177 0.389284304378283 0.386686709979809
570 0.372992836378229 4.37371169660294e-48 0.62700716362177 0.389284304378283 0.386686709979809
571 0.372992836378229 3.54424222699416e-48 0.62700716362177 0.389284304378283 0.386686709979809
572 0.372992836378229 2.8720807028422e-48 0.62700716362177 0.389284304378283 0.386686709979809
573 0.372992836378229 2.32739385045766e-48 0.62700716362177 0.389284304378283 0.386686709979809
574 0.372992836378229 1.88600624271724e-48 0.62700716362177 0.389284304378283 0.386686709979809
575 0.372992836378229 1.5283272948706e-48 0.62700716362177 0.389284304378283 0.386686709979809
576 0.372992836378229 1.23848175437703e-48 0.62700716362177 0.389284304378283 0.386686709979809
577 0.372992836378229 1.00360509235992e-48 0.62700716362177 0.389284304378283 0.386686709979809
578 0.372992836378229 8.13272523273803e-49 0.62700716362177 0.389284304378283 0.386686709979809
579 0.372992836378229 6.59036310344802e-49 0.62700716362177 0.389284304378283 0.386686709979809
580 0.372992836378229 5.34050820510341e-49 0.62700716362177 0.389284304378283 0.386686709979809
581 0.372992836378229 4.32768687264818e-49 0.62700716362177 0.389284304378283 0.386686709979809
582 0.372992836378229 3.50694595877485e-49 0.62700716362177 0.389284304378283 0.386686709979809
583 0.372992836378229 2.84185762964905e-49 0.62700716362177 0.389284304378283 0.386686709979809
584 0.372992836378229 2.30290254886503e-49 0.62700716362177 0.389284304378283 0.386686709979809
585 0.372992836378229 1.86615968873289e-49 0.62700716362177 0.389284304378283 0.386686709979809
586 0.372992836378229 1.51224461737123e-49 0.62700716362177 0.389284304378283 0.386686709979809
587 0.372992836378229 1.22544913845022e-49 0.62700716362177 0.389284304378283 0.386686709979809
588 0.372992836378229 9.9304409728294e-50 0.62700716362177 0.389284304378283 0.386686709979809
589 0.372992836378229 8.0471440895182e-50 0.62700716362177 0.389284304378283 0.386686709979809
590 0.372992836378229 6.5210123271109e-50 0.62700716362177 0.389284304378283 0.386686709979809
591 0.372992836378229 5.28430972495216e-50 0.62700716362177 0.389284304378283 0.386686709979809
592 0.372992836378229 4.28214637060739e-50 0.62700716362177 0.389284304378283 0.386686709979809
593 0.372992836378229 3.47004216136707e-50 0.62700716362177 0.389284304378283 0.386686709979809
594 0.372992836378229 2.81195259562253e-50 0.62700716362177 0.389284304378283 0.386686709979809
595 0.372992836378229 2.2786689706713e-50 0.62700716362177 0.389284304378283 0.386686709979809
596 0.372992836378229 1.84652198119672e-50 0.62700716362177 0.389284304378283 0.386686709979809
597 0.372992836378229 1.49633117882769e-50 0.62700716362177 0.389284304378283 0.386686709979809
598 0.372992836378229 1.21255366550296e-50 0.62700716362177 0.389284304378283 0.386686709979809
599 0.372992836378229 9.82594236174751e-51 0.62700716362177 0.389284304378283 0.386686709979809
600 0.372992836378229 7.9624635216732e-51 0.62700716362177 0.389284304378283 0.386686709979809
601 0.372992836378229 6.45239133304876e-51 0.62700716362177 0.389284304378283 0.386686709979809
602 0.372992836378229 5.22870262469399e-51 0.62700716362177 0.389284304378283 0.386686709979809
603 0.372992836378229 4.23708509393275e-51 0.62700716362177 0.389284304378283 0.386686709979809
604 0.372992836378229 3.43352670477752e-51 0.62700716362177 0.389284304378283 0.386686709979809
605 0.372992836378229 2.7823622540179e-51 0.62700716362177 0.389284304378283 0.386686709979809
606 0.372992836378229 2.25469040383805e-51 0.62700716362177 0.389284304378283 0.386686709979809
607 0.372992836378229 1.82709092240536e-51 0.62700716362177 0.389284304378283 0.386686709979809
608 0.372992836378229 1.48058519832855e-51 0.62700716362177 0.389284304378283 0.386686709979809
609 0.372992836378229 1.19979389237163e-51 0.62700716362177 0.389284304378283 0.386686709979809
610 0.372992836378229 9.72254339566104e-52 0.62700716362177 0.389284304378283 0.386686709979809
611 0.372992836378229 7.87867405239569e-52 0.62700716362177 0.389284304378283 0.386686709979809
612 0.372992836378229 6.38449244172004e-52 0.62700716362177 0.389284304378283 0.386686709979809
613 0.372992836378229 5.17368068120369e-52 0.62700716362177 0.389284304378283 0.386686709979809
614 0.372992836378229 4.19249799970771e-52 0.62700716362177 0.389284304378283 0.386686709979809
615 0.372992836378229 3.39739550247306e-52 0.62700716362177 0.389284304378283 0.386686709979809
616 0.372992836378229 2.7530832933084e-52 0.62700716362177 0.389284304378283 0.386686709979809
617 0.372992836378229 2.23096416486585e-52 0.62700716362177 0.389284304378283 0.386686709979809
618 0.372992836378229 1.80786433778197e-52 0.62700716362177 0.389284304378283 0.386686709979809
619 0.372992836378229 1.46500491370302e-52 0.62700716362177 0.389284304378283 0.386686709979809
620 0.372992836378229 1.18716839107915e-52 0.62700716362177 0.389284304378283 0.386686709979809
621 0.372992836378229 9.6202325029414e-53 0.62700716362177 0.389284304378283 0.386686709979809
622 0.372992836378229 7.79576630460333e-53 0.62700716362177 0.389284304378283 0.386686709979809
623 0.372992836378229 6.31730805439546e-53 0.62700716362177 0.389284304378283 0.386686709979809
624 0.372992836378229 5.11923773684239e-53 0.62700716362177 0.389284304378283 0.386686709979809
625 0.372992836378229 4.14838009808263e-53 0.62700716362177 0.389284304378283 0.386686709979809
626 0.372992836378229 3.36164451092338e-53 0.62700716362177 0.389284304378283 0.386686709979809
627 0.372992836378229 2.72411243681465e-53 0.62700716362177 0.389284304378283 0.386686709979809
628 0.372992836378229 2.20748759849384e-53 0.62700716362177 0.389284304378283 0.386686709979809
629 0.372992836378229 1.78884007563293e-53 0.62700716362177 0.389284304378283 0.386686709979809
630 0.372992836378229 1.44958858132373e-53 0.62700716362177 0.389284304378283 0.386686709979809
631 0.372992836378229 1.1746757486751e-53 0.62700716362177 0.389284304378283 0.386686709979809
632 0.372992836378229 9.51899823372891e-54 0.62700716362177 0.389284304378283 0.386686709979809
633 0.372992836378229 7.71373099988938e-54 0.62700716362177 0.389284304378283 0.386686709979809
634 0.372992836378229 6.25083065230758e-54 0.62700716362177 0.389284304378283 0.386686709979809
635 0.372992836378229 5.06536769876838e-54 0.62700716362177 0.389284304378283 0.386686709979809
636 0.372992836378229 4.10472645171632e-54 0.62700716362177 0.389284304378283 0.386686709979809
637 0.372992836378229 3.32626972914846e-54 0.62700716362177 0.389284304378283 0.386686709979809
638 0.372992836378229 2.69544644233798e-54 0.62700716362177 0.389284304378283 0.386686709979809
639 0.372992836378229 2.18425807740266e-54 0.62700716362177 0.389284304378283 0.386686709979809
640 0.372992836378229 1.770016006907e-54 0.62700716362177 0.389284304378283 0.386686709979809
641 0.372992836378229 1.4343344759116e-54 0.62700716362177 0.389284304378283 0.386686709979809
642 0.372992836378229 1.16231456707763e-54 0.62700716362177 0.389284304378283 0.386686709979809
643 0.372992836378229 9.41882925865145e-55 0.62700716362177 0.389284304378283 0.386686709979809
644 0.372992836378229 7.63255895748429e-55 0.62700716362177 0.389284304378283 0.386686709979809
645 0.372992836378229 6.18505279580942e-55 0.62700716362177 0.389284304378283 0.386686709979809
646 0.372992836378229 5.01206453825531e-55 0.62700716362177 0.389284304378283 0.386686709979809
647 0.372992836378229 4.06153217522356e-55 0.62700716362177 0.389284304378283 0.386686709979809
648 0.372992836378229 3.29126719827085e-55 0.62700716362177 0.389284304378283 0.386686709979809
649 0.372992836378229 2.66708210179756e-55 0.62700716362177 0.389284304378283 0.386686709979809
650 0.372992836378229 2.16127300192036e-55 0.62700716362177 0.389284304378283 0.386686709979809
651 0.372992836378229 1.7513900249571e-55 0.62700716362177 0.389284304378283 0.386686709979809
652 0.372992836378229 1.41924089034277e-55 0.62700716362177 0.389284304378283 0.386686709979809
653 0.372992836378229 1.15008346291698e-55 0.62700716362177 0.389284304378283 0.386686709979809
654 0.372992836378229 9.31971436755653e-56 0.62700716362177 0.389284304378283 0.386686709979809
655 0.372992836378229 7.55224109322831e-56 0.62700716362177 0.389284304378283 0.386686709979809
656 0.372992836378229 6.11996712354183e-56 0.62700716362177 0.389284304378283 0.386686709979809
657 0.372992836378229 4.95932229001744e-56 0.62700716362177 0.389284304378283 0.386686709979809
658 0.372992836378229 4.0187924346283e-56 0.62700716362177 0.389284304378283 0.386686709979809
659 0.372992836378229 3.25663300107259e-56 0.62700716362177 0.389284304378283 0.386686709979809
660 0.372992836378229 2.63901624087136e-56 0.62700716362177 0.389284304378283 0.386686709979809
661 0.372992836378229 2.13852979973152e-56 0.62700716362177 0.389284304378283 0.386686709979809
662 0.372992836378229 1.73296004530449e-56 0.62700716362177 0.389284304378283 0.386686709979809
663 0.372992836378229 1.40430613545754e-56 0.62700716362177 0.389284304378283 0.386686709979809
664 0.372992836378229 1.13798106738068e-56 0.62700716362177 0.389284304378283 0.386686709979809
665 0.372992836378229 9.22164246825677e-57 0.62700716362177 0.389284304378283 0.386686709979809
666 0.372992836378229 7.47276841855483e-57 0.62700716362177 0.389284304378283 0.386686709979809
667 0.372992836378229 6.05556635160968e-57 0.62700716362177 0.389284304378283 0.386686709979809
668 0.372992836378229 4.90713505154211e-57 0.62700716362177 0.389284304378283 0.386686709979809
669 0.372992836378229 3.97650244682272e-57 0.62700716362177 0.389284304378283 0.386686709979809
670 0.372992836378229 3.22236326155683e-57 0.62700716362177 0.389284304378283 0.386686709979809
671 0.372992836378229 2.61124571864097e-57 0.62700716362177 0.389284304378283 0.386686709979809
672 0.372992836378229 2.11602592558931e-57 0.62700716362177 0.389284304378283 0.386686709979809
673 0.372992836378229 1.71472400540554e-57 0.62700716362177 0.389284304378283 0.386686709979809
674 0.372992836378229 1.38952853987134e-57 0.62700716362177 0.389284304378283 0.386686709979809
675 0.372992836378229 1.12600602606035e-57 0.62700716362177 0.389284304378283 0.386686709979809
676 0.372992836378229 9.12460258528851e-58 0.62700716362177 0.389284304378283 0.386686709979809
677 0.372992836378229 7.39413203948444e-58 0.62700716362177 0.389284304378283 0.386686709979809
678 0.372992836378229 5.99184327276667e-58 0.62700716362177 0.389284304378283 0.386686709979809
679 0.372992836378229 4.85549698242913e-58 0.62700716362177 0.389284304378283 0.386686709979809
680 0.372992836378229 3.9346574790319e-58 0.62700716362177 0.389284304378283 0.386686709979809
681 0.372992836378229 3.18845414451406e-58 0.62700716362177 0.389284304378283 0.386686709979809
682 0.372992836378229 2.58376742724e-58 0.62700716362177 0.389284304378283 0.386686709979809
683 0.372992836378229 2.09375886103071e-58 0.62700716362177 0.389284304378283 0.386686709979809
684 0.372992836378229 1.69667986442087e-58 0.62700716362177 0.389284304378283 0.386686709979809
685 0.372992836378229 1.37490644978768e-58 0.62700716362177 0.389284304378283 0.386686709979809
686 0.372992836378229 1.11415699880012e-58 0.62700716362177 0.389284304378283 0.386686709979809
687 0.372992836378229 9.02858385868356e-59 0.62700716362177 0.389284304378283 0.386686709979809
688 0.372992836378229 7.31632315562961e-59 0.62700716362177 0.389284304378283 0.386686709979809
689 0.372992836378229 5.92879075560882e-59 0.62700716362177 0.389284304378283 0.386686709979809
690 0.372992836378229 4.80440230373718e-59 0.62700716362177 0.389284304378283 0.386686709979809
691 0.372992836378229 3.89325284828421e-59 0.62700716362177 0.389284304378283 0.386686709979809
692 0.372992836378229 3.15490185509291e-59 0.62700716362177 0.389284304378283 0.386686709979809
693 0.372992836378229 2.55657829150636e-59 0.62700716362177 0.389284304378283 0.386686709979809
694 0.372992836378229 2.07172611409463e-59 0.62700716362177 0.389284304378283 0.386686709979809
695 0.372992836378229 1.678825602987e-59 0.62700716362177 0.389284304378283 0.386686709979809
696 0.372992836378229 1.36043822881306e-59 0.62700716362177 0.389284304378283 0.386686709979809
697 0.372992836378229 1.10243265954668e-59 0.62700716362177 0.389284304378283 0.386686709979809
698 0.372992836378229 8.93357554275376e-60 0.62700716362177 0.389284304378283 0.386686709979809
699 0.372992836378229 7.23933305920979e-60 0.62700716362177 0.389284304378283 0.386686709979809
700 0.372992836378229 5.86640174377627e-60 0.62700716362177 0.389284304378283 0.386686709979809
701 0.372992836378229 4.75384529733708e-60 0.62700716362177 0.389284304378283 0.386686709979809
702 0.372992836378229 3.85228392088718e-60 0.62700716362177 0.389284304378283 0.386686709979809
703 0.372992836378229 3.12170263837546e-60 0.62700716362177 0.389284304378283 0.386686709979809
704 0.372992836378229 2.52967526863804e-60 0.62700716362177 0.389284304378283 0.386686709979809
705 0.372992836378229 2.04992521904301e-60 0.62700716362177 0.389284304378283 0.386686709979809
706 0.372992836378229 1.66115922299029e-60 0.62700716362177 0.389284304378283 0.386686709979809
707 0.372992836378229 1.34612225777384e-60 0.62700716362177 0.389284304378283 0.386686709979809
708 0.372992836378229 1.09083169620082e-60 0.62700716362177 0.389284304378283 0.386686709979809
709 0.372992836378229 8.83956700488851e-61 0.62700716362177 0.389284304378283 0.386686709979809
710 0.372992836378229 7.16315313407691e-61 0.62700716362177 0.389284304378283 0.386686709979809
711 0.372992836378229 5.8046692551637e-61 0.62700716362177 0.389284304378283 0.386686709979809
712 0.372992836378229 4.70382030527186e-61 0.62700716362177 0.389284304378283 0.386686709979809
713 0.372992836378229 3.81174611190899e-61 0.62700716362177 0.389284304378283 0.386686709979809
714 0.372992836378229 3.08885277895698e-61 0.62700716362177 0.389284304378283 0.386686709979809
715 0.372992836378229 2.50305534785263e-61 0.62700716362177 0.389284304378283 0.386686709979809
716 0.372992836378229 2.02835373608492e-61 0.62700716362177 0.389284304378283 0.386686709979809
717 0.372992836378229 1.64367874734341e-61 0.62700716362177 0.389284304378283 0.386686709979809
718 0.372992836378229 1.33195693453506e-61 0.62700716362177 0.389284304378283 0.386686709979809
719 0.372992836378229 1.07935281047068e-61 0.62700716362177 0.389284304378283 0.386686709979809
720 0.372992836378229 8.74654772436476e-62 0.62700716362177 0.389284304378283 0.386686709979809
721 0.372992836378229 7.08777485475115e-62 0.62700716362177 0.389284304378283 0.386686709979809
722 0.372992836378229 5.74358638113888e-62 0.62700716362177 0.389284304378283 0.386686709979809
723 0.372992836378229 4.65432172912357e-62 0.62700716362177 0.389284304378283 0.386686709979809
724 0.372992836378229 3.77163488466529e-62 0.62700716362177 0.389284304378283 0.386686709979809
725 0.372992836378229 3.0563486005302e-62 0.62700716362177 0.389284304378283 0.386686709979809
726 0.372992836378229 2.47671555005037e-62 0.62700716362177 0.389284304378283 0.386686709979809
727 0.372992836378229 2.00700925110348e-62 0.62700716362177 0.389284304378283 0.386686709979809
728 0.372992836378229 1.626382219764e-62 0.62700716362177 0.389284304378283 0.386686709979809
729 0.372992836378229 1.3179406738211e-62 0.62700716362177 0.389284304378283 0.386686709979809
730 0.372992836378229 1.06799471772634e-62 0.62700716362177 0.389284304378283 0.386686709979809
731 0.372992836378229 8.65450729116967e-63 0.62700716362177 0.389284304378283 0.386686709979809
732 0.372992836378229 7.0131897854668e-63 0.62700716362177 0.389284304378283 0.386686709979809
733 0.372992836378229 5.68314628576949e-63 0.62700716362177 0.389284304378283 0.386686709979809
734 0.372992836378229 4.60534402938674e-63 0.62700716362177 0.389284304378283 0.386686709979809
735 0.372992836378229 3.73194575021156e-63 0.62700716362177 0.389284304378283 0.386686709979809
736 0.372992836378229 3.02418646547383e-63 0.62700716362177 0.389284304378283 0.386686709979809
737 0.372992836378229 2.45065292748071e-63 0.62700716362177 0.389284304378283 0.386686709979809
738 0.372992836378229 1.98588937538571e-63 0.62700716362177 0.389284304378283 0.386686709979809
739 0.372992836378229 1.60926770455581e-63 0.62700716362177 0.389284304378283 0.386686709979809
740 0.372992836378229 1.30407190703829e-63 0.62700716362177 0.389284304378283 0.386686709979809
741 0.372992836378229 1.05675614685617e-63 0.62700716362177 0.389284304378283 0.386686709979809
742 0.372992836378229 8.56343540483555e-64 0.62700716362177 0.389284304378283 0.386686709979809
743 0.372992836378229 6.93938957922822e-64 0.62700716362177 0.389284304378283 0.386686709979809
744 0.372992836378229 5.62334220505818e-64 0.62700716362177 0.389284304378283 0.386686709979809
745 0.372992836378229 4.55688172484841e-64 0.62700716362177 0.389284304378283 0.386686709979809
746 0.372992836378229 3.69267426684067e-64 0.62700716362177 0.389284304378283 0.386686709979809
747 0.372992836378229 2.99236277444548e-64 0.62700716362177 0.389284304378283 0.386686709979809
748 0.372992836378229 2.42486456341247e-64 0.62700716362177 0.389284304378283 0.386686709979809
749 0.372992836378229 1.96499174535519e-64 0.62700716362177 0.389284304378283 0.386686709979809
750 0.372992836378229 1.59233328639199e-64 0.62700716362177 0.389284304378283 0.386686709979809
751 0.372992836378229 1.29034908209937e-64 0.62700716362177 0.389284304378283 0.386686709979809
752 0.372992836378229 1.04563584012449e-64 0.62700716362177 0.389284304378283 0.386686709979809
753 0.372992836378229 8.47332187328713e-65 0.62700716362177 0.389284304378283 0.386686709979809
754 0.372992836378229 6.86636597687566e-65 0.62700716362177 0.389284304378283 0.386686709979809
755 0.372992836378229 5.56416744618548e-65 0.62700716362177 0.389284304378283 0.386686709979809
756 0.372992836378229 4.50892939197477e-65 0.62700716362177 0.389284304378283 0.386686709979809
757 0.372992836378229 3.65381603958586e-65 0.62700716362177 0.389284304378283 0.386686709979809
758 0.372992836378229 2.96087396597884e-65 0.62700716362177 0.389284304378283 0.386686709979809
759 0.372992836378229 2.3993475718074e-65 0.62700716362177 0.389284304378283 0.386686709979809
760 0.372992836378229 1.94431402230756e-65 0.62700716362177 0.389284304378283 0.386686709979809
761 0.372992836378229 1.57557707010082e-65 0.62700716362177 0.389284304378283 0.386686709979809
762 0.372992836378229 1.27677066324978e-65 0.62700716362177 0.389284304378283 0.386686709979809
763 0.372992836378229 1.03463255303086e-65 0.62700716362177 0.389284304378283 0.386686709979809
764 0.372992836378229 8.38415661170097e-66 0.62700716362177 0.389284304378283 0.386686709979809
765 0.372992836378229 6.79411080616103e-66 0.62700716362177 0.389284304378283 0.386686709979809
766 0.372992836378229 5.5056153867609e-66 0.62700716362177 0.389284304378283 0.386686709979809
767 0.372992836378229 4.46148166430419e-66 0.62700716362177 0.389284304378283 0.386686709979809
768 0.372992836378229 3.61536671972886e-66 0.62700716362177 0.389284304378283 0.386686709979809
769 0.372992836378229 2.92971651608514e-66 0.62700716362177 0.389284304378283 0.386686709979809
770 0.372992836378229 2.37409909699721e-66 0.62700716362177 0.389284304378283 0.386686709979809
771 0.372992836378229 1.92385389214878e-66 0.62700716362177 0.389284304378283 0.386686709979809
772 0.372992836378229 1.55899718045357e-66 0.62700716362177 0.389284304378283 0.386686709979809
773 0.372992836378229 1.26333513089581e-66 0.62700716362177 0.389284304378283 0.386686709979809
774 0.372992836378229 1.02374505417077e-66 0.62700716362177 0.389284304378283 0.386686709979809
775 0.372992836378229 8.29592964137681e-67 0.62700716362177 0.389284304378283 0.386686709979809
776 0.372992836378229 6.72261598083325e-67 0.62700716362177 0.389284304378283 0.386686709979809
777 0.372992836378229 5.44767947408172e-67 0.62700716362177 0.389284304378283 0.386686709979809
778 0.372992836378229 4.41453323184659e-67 0.62700716362177 0.389284304378283 0.386686709979809
779 0.372992836378229 3.5773220043132e-67 0.62700716362177 0.389284304378283 0.386686709979809
780 0.372992836378229 2.89888693785873e-67 0.62700716362177 0.389284304378283 0.386686709979809
781 0.372992836378229 2.34911631336396e-67 0.62700716362177 0.389284304378283 0.386686709979809
782 0.372992836378229 1.90360906513616e-67 0.62700716362177 0.389284304378283 0.386686709979809
783 0.372992836378229 1.54259176195467e-67 0.62700716362177 0.389284304378283 0.386686709979809
784 0.372992836378229 1.25004098143449e-67 0.62700716362177 0.389284304378283 0.386686709979809
785 0.372992836378229 1.01297212509788e-67 0.62700716362177 0.389284304378283 0.386686709979809
786 0.372992836378229 8.20863108862081e-68 0.62700716362177 0.389284304378283 0.386686709979809
787 0.372992836378229 6.65187349973336e-68 0.62700716362177 0.389284304378283 0.386686709979809
788 0.372992836378229 5.39035322439972e-68 0.62700716362177 0.389284304378283 0.386686709979809
789 0.372992836378229 4.36807884048925e-68 0.62700716362177 0.389284304378283 0.386686709979809
790 0.372992836378229 3.53967763566268e-68 0.62700716362177 0.389284304378283 0.386686709979809
791 0.372992836378229 2.8683817810869e-68 0.62700716362177 0.389284304378283 0.386686709979809
792 0.372992836378229 2.32439642502386e-68 0.62700716362177 0.389284304378283 0.386686709979809
793 0.372992836378229 1.88357727562209e-68 0.62700716362177 0.389284304378283 0.386686709979809
794 0.372992836378229 1.526358978634e-68 0.62700716362177 0.389284304378283 0.386686709979809
795 0.372992836378229 1.23688672708539e-68 0.62700716362177 0.389284304378283 0.386686709979809
796 0.372992836378229 1.00231256018762e-68 0.62700716362177 0.389284304378283 0.386686709979809
797 0.372992836378229 8.12225118364061e-69 0.62700716362177 0.389284304378283 0.386686709979809
798 0.372992836378229 6.58187544589905e-69 0.62700716362177 0.389284304378283 0.386686709979809
799 0.372992836378229 5.33363022219551e-69 0.62700716362177 0.389284304378283 0.386686709979809
800 0.372992836378229 4.32211329140878e-69 0.62700716362177 0.389284304378283 0.386686709979809
801 0.372992836378229 3.50242940090489e-69 0.62700716362177 0.389284304378283 0.386686709979809
802 0.372992836378229 2.83819763186369e-69 0.62700716362177 0.389284304378283 0.386686709979809
803 0.372992836378229 2.29993666551436e-69 0.62700716362177 0.389284304378283 0.386686709979809
804 0.372992836378229 1.86375628180052e-69 0.62700716362177 0.389284304378283 0.386686709979809
805 0.372992836378229 1.51029701384149e-69 0.62700716362177 0.389284304378283 0.386686709979809
806 0.372992836378229 1.22387089572405e-69 0.62700716362177 0.389284304378283 0.386686709979809
807 0.372992836378229 9.91765166502275e-70 0.62700716362177 0.389284304378283 0.386686709979809
808 0.372992836378229 8.03678025945195e-70 0.62700716362177 0.389284304378283 0.386686709979809
809 0.372992836378229 6.51261398567868e-70 0.62700716362177 0.389284304378283 0.386686709979809
810 0.372992836378229 5.27750411946063e-70 0.62700716362177 0.389284304378283 0.386686709979809
811 0.372992836378229 4.27663144048932e-70 0.62700716362177 0.389284304378283 0.386686709979809
812 0.372992836378229 3.4655731314997e-70 0.62700716362177 0.389284304378283 0.386686709979809
813 0.372992836378229 2.8083311122079e-70 0.62700716362177 0.389284304378283 0.386686709979809
814 0.372992836378229 2.27573429748456e-70 0.62700716362177 0.389284304378283 0.386686709979809
815 0.372992836378229 1.84414386545605e-70 0.62700716362177 0.389284304378283 0.386686709979809
816 0.372992836378229 1.49440407004379e-70 0.62700716362177 0.389284304378283 0.386686709979809
817 0.372992836378229 1.21099203071729e-70 0.62700716362177 0.389284304378283 0.386686709979809
818 0.372992836378229 9.81328763657483e-71 0.62700716362177 0.389284304378283 0.386686709979809
819 0.372992836378229 7.95220875079681e-71 0.62700716362177 0.389284304378283 0.386686709979809
820 0.372992836378229 6.44408136785456e-71 0.62700716362177 0.389284304378283 0.386686709979809
821 0.372992836378229 5.22196863498703e-71 0.62700716362177 0.389284304378283 0.386686709979809
822 0.372992836378229 4.23162819774682e-71 0.62700716362177 0.389284304378283 0.386686709979809
823 0.372992836378229 3.42910470277279e-71 0.62700716362177 0.389284304378283 0.386686709979809
824 0.372992836378229 2.77877887968502e-71 0.62700716362177 0.389284304378283 0.386686709979809
825 0.372992836378229 2.25178661238889e-71 0.62700716362177 0.389284304378283 0.386686709979809
826 0.372992836378229 1.8247378317157e-71 0.62700716362177 0.389284304378283 0.386686709979809
827 0.372992836378229 1.47867836862309e-71 0.62700716362177 0.389284304378283 0.386686709979809
828 0.372992836378229 1.19824869076014e-71 0.62700716362177 0.389284304378283 0.386686709979809
829 0.372992836378229 9.7100218369014e-72 0.62700716362177 0.389284304378283 0.386686709979809
830 0.372992836378229 7.86852719307293e-72 0.62700716362177 0.389284304378283 0.386686709979809
831 0.372992836378229 6.37626992277555e-72 0.62700716362177 0.389284304378283 0.386686709979809
832 0.372992836378229 5.16701755366422e-72 0.62700716362177 0.389284304378283 0.386686709979809
833 0.372992836378229 4.18709852675947e-72 0.62700716362177 0.389284304378283 0.386686709979809
834 0.372992836378229 3.39302003345402e-72 0.62700716362177 0.389284304378283 0.386686709979809
835 0.372992836378229 2.74953762703318e-72 0.62700716362177 0.389284304378283 0.386686709979809
836 0.372992836378229 2.22809093018391e-72 0.62700716362177 0.389284304378283 0.386686709979809
837 0.372992836378229 1.80553600880324e-72 0.62700716362177 0.389284304378283 0.386686709979809
838 0.372992836378229 1.46311814967806e-72 0.62700716362177 0.389284304378283 0.386686709979809
839 0.372992836378229 1.18563944971458e-72 0.62700716362177 0.389284304378283 0.386686709979809
840 0.372992836378229 9.60784270927684e-73 0.62700716362177 0.389284304378283 0.386686709979809
841 0.372992836378229 7.78572622127461e-73 0.62700716362177 0.389284304378283 0.386686709979809
842 0.372992836378229 6.30917206149866e-73 0.62700716362177 0.389284304378283 0.386686709979809
843 0.372992836378229 5.11264472578367e-73 0.62700716362177 0.389284304378283 0.386686709979809
844 0.372992836378229 4.14303744410397e-73 0.62700716362177 0.389284304378283 0.386686709979809
845 0.372992836378229 3.3573150852207e-73 0.62700716362177 0.389284304378283 0.386686709979809
846 0.372992836378229 2.72060408179299e-73 0.62700716362177 0.389284304378283 0.386686709979809
847 0.372992836378229 2.20464459902849e-73 0.62700716362177 0.389284304378283 0.386686709979809
848 0.372992836378229 1.78653624779621e-73 0.62700716362177 0.389284304378283 0.386686709979809
849 0.372992836378229 1.44772167182693e-73 0.62700716362177 0.389284304378283 0.386686709979809
850 0.372992836378229 1.17316289644992e-73 0.62700716362177 0.389284304378283 0.386686709979809
851 0.372992836378229 9.50673881858763e-74 0.62700716362177 0.389284304378283 0.386686709979809
852 0.372992836378229 7.70379656894467e-74 0.62700716362177 0.389284304378283 0.386686709979809
853 0.372992836378229 6.24278027493983e-74 0.62700716362177 0.389284304378283 0.386686709979809
854 0.372992836378229 5.0588440663506e-74 0.62700716362177 0.389284304378283 0.386686709979809
855 0.372992836378229 4.09944001879792e-74 0.62700716362177 0.389284304378283 0.386686709979809
856 0.372992836378229 3.32198586224564e-74 0.62700716362177 0.389284304378283 0.386686709979809
857 0.372992836378229 2.69197500594138e-74 0.62700716362177 0.389284304378283 0.386686709979809
858 0.372992836378229 2.18144499498694e-74 0.62700716362177 0.389284304378283 0.386686709979809
859 0.372992836378229 1.76773642238534e-74 0.62700716362177 0.389284304378283 0.386686709979809
860 0.372992836378229 1.43248721201261e-74 0.62700716362177 0.389284304378283 0.386686709979809
861 0.372992836378229 1.16081763468489e-74 0.62700716362177 0.389284304378283 0.386686709979809
862 0.372992836378229 9.40669885005262e-75 0.62700716362177 0.389284304378283 0.386686709979809
863 0.372992836378229 7.62272906713737e-75 0.62700716362177 0.389284304378283 0.386686709979809
864 0.372992836378229 6.17708713303349e-75 0.62700716362177 0.389284304378283 0.386686709979809
865 0.372992836378229 5.00560955440295e-75 0.62700716362177 0.389284304378283 0.386686709979809
866 0.372992836378229 4.05630137174791e-75 0.62700716362177 0.389284304378283 0.386686709979809
867 0.372992836378229 3.28702841074996e-75 0.62700716362177 0.389284304378283 0.386686709979809
868 0.372992836378229 2.66364719552917e-75 0.62700716362177 0.389284304378283 0.386686709979809
869 0.372992836378229 2.15848952173541e-75 0.62700716362177 0.389284304378283 0.386686709979809
870 0.372992836378229 1.74913442863667e-75 0.62700716362177 0.389284304378283 0.386686709979809
871 0.372992836378229 1.41741306530982e-75 0.62700716362177 0.389284304378283 0.386686709979809
872 0.372992836378229 1.14860228283135e-75 0.62700716362177 0.389284304378283 0.386686709979809
873 0.372992836378229 9.30771160795677e-76 0.62700716362177 0.389284304378283 0.386686709979809
874 0.372992836378229 7.54251464339236e-76 0.62700716362177 0.389284304378283 0.386686709979809
875 0.372992836378229 6.11208528390112e-76 0.62700716362177 0.389284304378283 0.386686709979809
876 0.372992836378229 4.95293523233765e-76 0.62700716362177 0.389284304378283 0.386686709979809
877 0.372992836378229 4.01361667520352e-76 0.62700716362177 0.389284304378283 0.386686709979809
878 0.372992836378229 3.25243881856067e-76 0.62700716362177 0.389284304378283 0.386686709979809
879 0.372992836378229 2.63561748032251e-76 0.62700716362177 0.389284304378283 0.386686709979809
880 0.372992836378229 2.13577561027133e-76 0.62700716362177 0.389284304378283 0.386686709979809
881 0.372992836378229 1.73072818475604e-76 0.62700716362177 0.389284304378283 0.386686709979809
882 0.372992836378229 1.4024975447343e-76 0.62700716362177 0.389284304378283 0.386686709979809
883 0.372992836378229 1.1365154738397e-76 0.62700716362177 0.389284304378283 0.386686709979809
884 0.372992836378229 9.20976601439819e-77 0.62700716362177 0.389284304378283 0.386686709979809
885 0.372992836378229 7.4631443207193e-77 0.62700716362177 0.389284304378283 0.386686709979809
886 0.372992836378229 6.04776745302843e-77 0.62700716362177 0.389284304378283 0.386686709979809
887 0.372992836378229 4.90081520524379e-77 0.62700716362177 0.389284304378283 0.386686709979809
888 0.372992836378229 3.97138115221704e-77 0.62700716362177 0.389284304378283 0.386686709979809
889 0.372992836378229 3.21821321467275e-77 0.62700716362177 0.389284304378283 0.386686709979809
890 0.372992836378229 2.60788272344813e-77 0.62700716362177 0.389284304378283 0.386686709979809
891 0.372992836378229 2.11330071862588e-77 0.62700716362177 0.389284304378283 0.386686709979809
892 0.372992836378229 1.71251563085616e-77 0.62700716362177 0.389284304378283 0.386686709979809
893 0.372992836378229 1.38773898105405e-77 0.62700716362177 0.389284304378283 0.386686709979809
894 0.372992836378229 1.12455585504591e-77 0.62700716362177 0.389284304378283 0.386686709979809
895 0.372992836378229 9.11285110804842e-78 0.62700716362177 0.389284304378283 0.386686709979809
896 0.372992836378229 7.38460921659324e-78 0.62700716362177 0.389284304378283 0.386686709979809
897 0.372992836378229 5.98412644245127e-78 0.62700716362177 0.389284304378283 0.386686709979809
898 0.372992836378229 4.84924364024298e-78 0.62700716362177 0.389284304378283 0.386686709979809
899 0.372992836378229 3.92959007610884e-78 0.62700716362177 0.389284304378283 0.386686709979809
900 0.372992836378229 3.18434776881604e-78 0.62700716362177 0.389284304378283 0.386686709979809
901 0.372992836378229 2.58043982104224e-78 0.62700716362177 0.389284304378283 0.386686709979809
902 0.372992836378229 2.09106233157952e-78 0.62700716362177 0.389284304378283 0.386686709979809
903 0.372992836378229 1.69449472872602e-78 0.62700716362177 0.389284304378283 0.386686709979809
904 0.372992836378229 1.37313572260247e-78 0.62700716362177 0.389284304378283 0.386686709979809
905 0.372992836378229 1.11272208802007e-78 0.62700716362177 0.389284304378283 0.386686709979809
906 0.372992836378229 9.01695604292567e-79 0.62700716362177 0.389284304378283 0.386686709979809
907 0.372992836378229 7.30690054196058e-79 0.62700716362177 0.389284304378283 0.386686709979809
908 0.372992836378229 5.9211551299501e-79 0.62700716362177 0.389284304378283 0.386686709979809
909 0.372992836378229 4.79821476583655e-79 0.62700716362177 0.389284304378283 0.386686709979809
910 0.372992836378229 3.88823876993845e-79 0.62700716362177 0.389284304378283 0.386686709979809
911 0.372992836378229 3.1508386910265e-79 0.62700716362177 0.389284304378283 0.386686709979809
912 0.372992836378229 2.55328570190321e-79 0.62700716362177 0.389284304378283 0.386686709979809
913 0.372992836378229 2.06905796038054e-79 0.62700716362177 0.389284304378283 0.386686709979809
914 0.372992836378229 1.67666346160284e-79 0.62700716362177 0.389284304378283 0.386686709979809
915 0.372992836378229 1.35868613509357e-79 0.62700716362177 0.389284304378283 0.386686709979809
916 0.372992836378229 1.10101284841668e-79 0.62700716362177 0.389284304378283 0.386686709979809
917 0.372992836378229 8.92207008718108e-80 0.62700716362177 0.389284304378283 0.386686709979809
918 0.372992836378229 7.23000960025542e-80 0.62700716362177 0.389284304378283 0.386686709979809
919 0.372992836378229 5.85884646825288e-80 0.62700716362177 0.389284304378283 0.386686709979809
920 0.372992836378229 4.74772287125962e-80 0.62700716362177 0.389284304378283 0.386686709979809
921 0.372992836378229 3.84732260598107e-80 0.62700716362177 0.389284304378283 0.386686709979809
922 0.372992836378229 3.11768223122212e-80 0.62700716362177 0.389284304378283 0.386686709979809
923 0.372992836378229 2.52641732714784e-80 0.62700716362177 0.389284304378283 0.386686709979809
924 0.372992836378229 2.04728514246649e-80 0.62700716362177 0.389284304378283 0.386686709979809
925 0.372992836378229 1.65901983394636e-80 0.62700716362177 0.389284304378283 0.386686709979809
926 0.372992836378229 1.34438860143903e-80 0.62700716362177 0.389284304378283 0.386686709979809
927 0.372992836378229 1.08942682582638e-80 0.62700716362177 0.389284304378283 0.386686709979809
928 0.372992836378229 8.82818262189766e-81 0.62700716362177 0.389284304378283 0.386686709979809
929 0.372992836378229 7.15392778642636e-81 0.62700716362177 0.389284304378283 0.386686709979809
930 0.372992836378229 5.79719348424648e-81 0.62700716362177 0.389284304378283 0.386686709979809
931 0.372992836378229 4.69776230584206e-81 0.62700716362177 0.389284304378283 0.386686709979809
932 0.372992836378229 3.80683700520977e-81 0.62700716362177 0.389284304378283 0.386686709979809
933 0.372992836378229 3.08487467878323e-81 0.62700716362177 0.389284304378283 0.386686709979809
934 0.372992836378229 2.49983168987125e-81 0.62700716362177 0.389284304378283 0.386686709979809
935 0.372992836378229 2.0257414411886e-81 0.62700716362177 0.389284304378283 0.386686709979809
936 0.372992836378229 1.6415618712155e-81 0.62700716362177 0.389284304378283 0.386686709979809
937 0.372992836378229 1.33024152156724e-81 0.62700716362177 0.389284304378283 0.386686709979809
938 0.372992836378229 1.07796272362933e-81 0.62700716362177 0.389284304378283 0.386686709979809
939 0.372992836378229 8.73528313990187e-82 0.62700716362177 0.389284304378283 0.386686709979809
940 0.372992836378229 7.07864658597341e-82 0.62700716362177 0.389284304378283 0.386686709979809
941 0.372992836378229 5.73618927819619e-82 0.62700716362177 0.389284304378283 0.386686709979809
942 0.372992836378229 4.64832747837603e-82 0.62700716362177 0.389284304378283 0.386686709979809
943 0.372992836378229 3.76677743678295e-82 0.62700716362177 0.389284304378283 0.386686709979809
944 0.372992836378229 3.05241236213722e-82 0.62700716362177 0.389284304378283 0.386686709979809
945 0.372992836378229 2.47352581481044e-82 0.62700716362177 0.389284304378283 0.386686709979809
946 0.372992836378229 2.00442444553912e-82 0.62700716362177 0.389284304378283 0.386686709979809
947 0.372992836378229 1.62428761964738e-82 0.62700716362177 0.389284304378283 0.386686709979809
948 0.372992836378229 1.31624331224425e-82 0.62700716362177 0.389284304378283 0.386686709979809
949 0.372992836378229 1.06661925885013e-82 0.62700716362177 0.389284304378283 0.386686709979809
950 0.372992836378229 8.64336124458783e-83 0.62700716362177 0.389284304378283 0.386686709979809
951 0.372992836378229 7.00415757399523e-83 0.62700716362177 0.389284304378283 0.386686709979809
952 0.372992836378229 5.67582702297365e-83 0.62700716362177 0.389284304378283 0.386686709979809
953 0.372992836378229 4.59941285649035e-83 0.62700716362177 0.389284304378283 0.386686709979809
954 0.372992836378229 3.72713941753734e-83 0.62700716362177 0.389284304378283 0.386686709979809
955 0.372992836378229 3.02029164834765e-83 0.62700716362177 0.389284304378283 0.386686709979809
956 0.372992836378229 2.44749675801124e-83 0.62700716362177 0.389284304378283 0.386686709979809
957 0.372992836378229 1.98333176988146e-83 0.62700716362177 0.389284304378283 0.386686709979809
958 0.372992836378229 1.6071951460387e-83 0.62700716362177 0.389284304378283 0.386686709979809
959 0.372992836378229 1.30239240689658e-83 0.62700716362177 0.389284304378283 0.386686709979809
960 0.372992836378229 1.05539516201414e-83 0.62700716362177 0.389284304378283 0.386686709979809
961 0.372992836378229 8.5524066487537e-84 0.62700716362177 0.389284304378283 0.386686709979809
962 0.372992836378229 6.93045241424615e-84 0.62700716362177 0.389284304378283 0.386686709979809
963 0.372992836378229 5.61609996329276e-84 0.62700716362177 0.389284304378283 0.386686709979809
964 0.372992836378229 4.55101296603126e-84 0.62700716362177 0.389284304378283 0.386686709979809
965 0.372992836378229 3.68791851148626e-84 0.62700716362177 0.389284304378283 0.386686709979809
966 0.372992836378229 2.98850894270768e-84 0.62700716362177 0.389284304378283 0.386686709979809
967 0.372992836378229 2.4217416064989e-84 0.62700716362177 0.389284304378283 0.386686709979809
968 0.372992836378229 1.96246105368323e-84 0.62700716362177 0.389284304378283 0.386686709979809
969 0.372992836378229 1.59028253752936e-84 0.62700716362177 0.389284304378283 0.386686709979809
970 0.372992836378229 1.28868725543587e-84 0.62700716362177 0.389284304378283 0.386686709979809
971 0.372992836378229 1.04428917700555e-84 0.62700716362177 0.389284304378283 0.386686709979809
972 0.372992836378229 8.46240917345049e-85 0.62700716362177 0.389284304378283 0.386686709979809
973 0.372992836378229 6.85752285820335e-85 0.62700716362177 0.389284304378283 0.386686709979809
974 0.372992836378229 5.55700141495368e-85 0.62700716362177 0.389284304378283 0.386686709979809
975 0.372992836378229 4.50312239044986e-85 0.62700716362177 0.389284304378283 0.386686709979809
976 0.372992836378229 3.64911032932316e-85 0.62700716362177 0.389284304378283 0.386686709979809
977 0.372992836378229 2.95706068833779e-85 0.62700716362177 0.389284304378283 0.386686709979809
978 0.372992836378229 2.39625747795207e-85 0.62700716362177 0.389284304378283 0.386686709979809
979 0.372992836378229 1.94180996125206e-85 0.62700716362177 0.389284304378283 0.386686709979809
980 0.372992836378229 1.5735479013884e-85 0.62700716362177 0.389284304378283 0.386686709979809
981 0.372992836378229 1.27512632408544e-85 0.62700716362177 0.389284304378283 0.386686709979809
982 0.372992836378229 1.03330006092666e-85 0.62700716362177 0.389284304378283 0.386686709979809
983 0.372992836378229 8.37335874684288e-86 0.62700716362177 0.389284304378283 0.386686709979809
984 0.372992836378229 6.78536074414364e-86 0.62700716362177 0.389284304378283 0.386686709979809
985 0.372992836378229 5.49852476409482e-86 0.62700716362177 0.389284304378283 0.386686709979809
986 0.372992836378229 4.45573577019591e-86 0.62700716362177 0.389284304378283 0.386686709979809
987 0.372992836378229 3.61071052793044e-86 0.62700716362177 0.389284304378283 0.386686709979809
988 0.372992836378229 2.9259433657877e-86 0.62700716362177 0.389284304378283 0.386686709979809
989 0.372992836378229 2.37104152038022e-86 0.62700716362177 0.389284304378283 0.386686709979809
990 0.372992836378229 1.92137618147421e-86 0.62700716362177 0.389284304378283 0.386686709979809
991 0.372992836378229 1.55698936480218e-86 0.62700716362177 0.389284304378283 0.386686709979809
992 0.372992836378229 1.26170809520866e-86 0.62700716362177 0.389284304378283 0.386686709979809
993 0.372992836378229 1.02242658395891e-86 0.62700716362177 0.389284304378283 0.386686709979809
994 0.372992836378229 8.28524540308206e-87 0.62700716362177 0.389284304378283 0.386686709979809
995 0.372992836378229 6.71395799623017e-87 0.62700716362177 0.389284304378283 0.386686709979809
996 0.372992836378229 5.44066346645261e-87 0.62700716362177 0.389284304378283 0.386686709979809
997 0.372992836378229 4.40884780211803e-87 0.62700716362177 0.389284304378283 0.386686709979809
998 0.372992836378229 3.57271480989336e-87 0.62700716362177 0.389284304378283 0.386686709979809
999 0.372992836378229 2.89515349264252e-87 0.62700716362177 0.389284304378283 0.386686709979809
1000 0.372992836378229 2.34609091180452e-87 0.62700716362177 0.389284304378283 0.386686709979809
